0.209
0.452
0.66
0.506
0.55
0.907
0.233
0.398
0.383
0.13
0.735
0.552
0.063
0.023
0.855
0.324
0.444
0.93
0.267
0.459
0.268
0.15
0.87
0.466
0.866
0.733
0.62
0.944
0.987
0.248
0.886
0.231
0.161
0.567
0.304
0.26
0.795
0.451
0.648
0.446
0.74
0.628
0.072
0.531
0.87
0.456
0.017
0.485
0.16
0.071
0.208
0.332
0.135
0.523
0.702
0.007
0.566
0.886
0.307
0.884
0.834
0.543
0.204
0.413
0.075
0.858
0.132
0.828
0.379
0.739
0.808
0.172
0.334
0.957
0.117
0.597
0.369
0.35
0.954
0.941
0.672
0.767
0.678
0.792
0.689
0.831
0.217
0.67
0.936
0.261
0.676
0.947
0.393
0.243
0.12
0.199
0.24
0.097
0.865
0.412
0.089
0.825
0.858
0.523
0.96
0.031
0.245
0.485
0.278
0.062
0.073
0.387
0.755
0.761
0.908
0.42
0.982
0.152
0.892
0.625
0.295
0.674
0.361
0.807
0.865
0.301
0.39
0.306
0.911
0.879
0.655
0.071
0.694
0.622
0.601
0.264
0.329
0.76
0.55
0.647
0.38
0.148
0.354
0.33
0.993
0.051
0.186
0.857
0.579
0.751
0.52
0.691
0.151
0.128
0.233
0.259
0.672
0.771
0.105
0.503
0.904
0.781
0.634
0.957
0.387
0.988
0.219
0.221
0.689
0.114
0.155
0.021
0.544
0.683
0.725
0.619
0.213
0.764
0.454
0.708
0.918
0.226
0.035
0.827
0.191
0.668
0.472
0.284
0.072
0.987
0.543
0.928
0.043
0.375
0.713
0.871
0.682
0.891
0.395
0.601
0.41
0.623
0.244
0.254
0.196
0.719
0.245
0.777
0.156
0.031
0.054
0.276
0.011
0.582
0.382
0.392
0.572
0.366
0.982
0.042
0.46
0.729
0.134
0.486
0.176
0.591
0.222
0.042
0.293
0.734
0.292
0.351
1.0
0.732
0.507
0.638
0.478
0.181
0.733
0.652
0.935
0.141
0.739
0.087
0.392
0.825
0.749
0.138
0.516
0.243
0.972
0.737
0.981
0.54
0.301
0.658
0.821
0.71
0.553
0.65
0.556
0.206
0.22
0.43
0.221
0.259
0.816
0.723
0.466
0.084
0.274
0.492
0.94
0.567
0.552
0.181
0.178
0.988
0.155
0.188
0.616
0.146
0.04
0.337
0.445
0.796
0.598
0.054
0.298
0.081
0.038
0.858
0.097
0.349
0.156
0.546
0.404
0.374
0.124
0.971
0.171
0.97
0.882
0.261
0.889
0.308
0.709
0.177
0.462
0.37
0.403
0.622
0.812
0.235
0.917
0.019
0.414
0.857
0.086
0.292
0.522
0.351
0.357
0.661
0.604
0.372
0.534
0.748
0.653
0.566
0.866
0.776
0.707
0.899
0.539
0.225
0.744
0.502
0.83
0.752
0.541
0.897
0.702
0.42
0.404
0.764
0.273
0.043
0.048
0.634
0.271
0.583
0.502
0.324
0.255
0.745
0.711
0.992
0.968
0.243
0.615
0.534
0.371
0.369
0.416
0.112
0.23
0.572
0.613
0.853
0.961
0.896
0.85
0.377
0.629
0.647
0.864
0.8
0.049
0.319
0.484
0.644
0.959
0.787
0.64
0.978
0.787
0.992
0.569
0.357
0.329
0.334
0.662
0.137
0.983
0.389
0.298
0.976
0.31
0.599
0.22
0.312
0.951
0.814
0.152
0.837
0.222
0.528
0.169
0.437
0.977
0.604
0.375
0.784
0.513
0.126
0.827
0.218
0.08
0.363
0.165
0.642
0.935
0.677
0.554
0.933
0.231
0.017
0.445
0.732
0.544
0.009
0.884
0.903
0.754
0.316
0.386
0.76
0.424
0.835
0.418
0.237
0.149
0.634
0.259
0.413
0.241
0.863
0.671
0.651
0.989
0.788
0.302
0.826
0.396
0.912
0.926
0.506
0.368
0.699
0.032
0.375
0.475
0.015
0.471
0.651
0.876
0.654
0.256
0.747
0.136
0.881
0.801
0.633
0.311
0.238
0.345
0.539
0.49
0.822
0.03
0.157
0.318
0.114
0.996
0.39
0.656
0.028
0.706
0.322
0.232
0.967
0.832
0.212
0.818
0.223
0.409
0.34
0.016
0.382
0.86
0.757
0.49
0.502
0.574
0.467
0.426
0.369
0.682
0.775
0.171
0.953
0.261
0.578
0.776
0.876
0.771
0.671
0.424
0.895
0.715
0.847
0.964
0.813
0.555
0.099
0.215
0.802
0.867
0.571
0.616
0.144
0.162
0.44
0.592
0.914
0.731
0.842
0.677
0.124
0.222
0.454
0.482
0.892
0.797
0.982
0.862
0.93
0.213
0.755
0.354
0.001
0.761
0.263
0.564
0.138
0.085
0.03
0.1
0.799
0.369
0.415
0.545
0.803
0.842
0.571
0.101
0.071
0.391
0.429
0.694
0.925
0.494
0.387
0.739
0.129
0.365
0.86
0.513
0.287
0.029
0.221
0.694
0.579
0.229
0.253
0.442
0.059
0.186
0.61
0.134
0.801
0.411
0.709
0.809
0.831
0.197
0.547
0.7
0.612
0.56
0.725
0.553
0.129
0.134
0.678
0.181
0.112
0.454
0.199
0.928
0.796
0.341
0.88
0.107
0.426
0.611
0.264
0.327
0.368
0.107
0.453
0.776
0.897
0.148
0.271
0.384
0.244
0.327
0.331
0.673
0.416
0.255
0.366
0.727
0.787
0.244
0.137
0.891
0.943
0.151
0.482
0.57
0.488
0.433
0.093
0.934
0.84
0.245
0.822
0.744
0.979
0.628
0.044
0.25
0.788
0.431
0.411
0.863
0.163
0.614
0.499
0.257
0.736
0.327
0.152
0.323
0.041
0.407
0.171
0.464
0.036
0.034
0.075
0.62
0.746
0.754
0.044
0.404
0.692
0.86
0.099
0.93
0.214
0.612
0.823
0.002
0.253
0.862
0.598
0.611
0.403
0.147
0.314
0.222
0.043
0.331
0.255
0.27
0.868
0.295
0.327
0.244
0.754
0.878
0.312
0.823
0.831
0.309
0.027
0.979
0.193
0.673
0.704
0.318
0.844
0.936
0.738
0.675
0.23
0.361
0.419
0.248
0.735
0.222
0.055
0.136
0.225
0.132
0.255
0.522
0.791
0.515
0.092
0.623
0.687
0.48
0.292
0.546
0.987
0.152
0.38
0.205
0.011
0.708
0.966
0.862
0.141
0.094
0.862
0.445
0.415
0.199
0.089
0.071
0.43
0.889
0.976
0.923
0.12
0.593
0.48
0.016
0.517
0.567
0.499
0.658
0.857
0.266
0.883
0.87
0.151
0.004
0.233
0.953
0.978
0.491
0.007
0.819
0.943
0.452
0.105
0.92
0.185
0.969
0.738
0.213
0.393
0.27
0.489
0.603
0.505
0.78
0.158
0.823
0.268
0.624
0.733
0.718
0.076
0.128
0.389
0.562
0.951
0.816
0.818
0.29
0.018
0.757
0.894
0.624
0.973
0.057
0.223
0.537
0.568
0.897
0.488
0.606
0.658
0.228
0.116
0.388
0.566
0.515
0.011
0.809
0.386
0.391
0.526
0.948
0.926
0.349
0.348
0.879
0.298
0.693
0.309
0.296
0.016
0.669
0.297
0.909
0.1
0.301
0.639
0.764
0.451
0.594
0.853
0.163
0.287
0.761
0.903
0.46
0.47
0.668
0.991
0.096
0.684
0.597
0.044
0.309
0.399
0.542
0.095
0.66
0.76
0.108
0.232
0.552
0.828
0.447
0.626
0.012
0.663
0.463
0.193
0.832
0.242
0.664
0.983
0.049
0.673
0.194
0.943
0.135
0.635
0.05
0.038
0.026
0.293
0.256
0.769
0.143
0.447
0.167
0.991
0.45
0.152
0.939
0.511
0.732
0.69
0.351
0.023
0.368
0.011
0.364
0.376
0.631
0.351
0.808
0.882
0.754
0.659
0.756
0.042
0.993
0.272
0.713
0.364
0.451
0.306
0.857
0.368
0.172
0.25
0.142
0.629
0.649
0.352
0.475
0.007
0.388
0.5
0.26
0.127
0.689
0.581
0.501
0.656
0.915
0.774
0.431
0.828
0.69
0.766
0.443
0.079
0.806
0.119
0.271
0.654
0.156
0.429
0.96
0.807
0.806
0.277
0.073
0.573
0.678
0.11
0.979
0.311
0.271
0.591
0.489
0.458
0.445
0.123
0.4
0.859
0.608
0.059
0.009
0.8
0.269
0.849
0.627
0.19
0.177
0.501
0.01
0.044
0.095
0.779
0.281
0.039
0.916
0.682
0.499
0.644
0.376
0.438
0.805
0.865
0.205
0.952
0.915
0.992
0.147
0.857
0.245
0.951
0.814
0.102
0.652
0.163
0.45
0.932
0.103
0.786
0.796
0.105
0.988
0.239
0.452
0.762
0.501
0.237
0.992
0.063
0.93
0.963
0.639
0.356
0.66
0.268
0.663
0.789
0.036
0.299
0.222
0.64
0.97
0.713
0.638
0.09
0.872
0.639
0.982
0.852
0.363
0.318
0.661
0.173
0.279
0.325
0.402
0.116
0.118
0.045
0.064
0.361
0.111
0.364
0.056
0.59
0.824
0.968
0.479
0.662
0.014
0.972
0.921
0.874
0.422
0.075
0.744
0.279
0.521
0.375
0.067
0.354
0.466
0.972
0.539
0.446
0.625
0.221
0.256
0.658
0.722
0.681
0.791
0.896
0.012
0.805
0.951
0.316
0.546
0.607
0.477
0.523
0.97
0.486
0.418
0.817
0.545
0.405
0.313
0.334
0.113
0.195
0.407
0.448
0.812
0.644
0.73
0.942
0.265
0.029
0.486
0.803
0.938
0.744
0.655
0.304
0.463
0.237
0.212
0.894
0.596
0.515
0.817
0.274
0.678
0.648
0.821
0.419
0.59
0.105
0.787
0.675
0.221
0.299
0.023
0.619
0.801
0.356
0.253
0.237
0.506
0.345
0.757
0.899
0.067
0.526
0.146
0.475
0.717
0.25
0.307
0.789
0.934
0.726
0.311
0.049
0.025
0.16
0.118
0.399
0.02
0.344
0.021
0.722
0.561
0.553
0.638
0.563
0.65
0.238
0.71
0.679
0.645
0.069
0.251
0.508
0.479
0.994
0.688
0.1
0.284
0.438
0.16
0.444
0.976
0.615
0.572
0.847
0.375
0.581
0.074
0.112
0.329
0.652
0.793
0.975
0.329
0.535
0.844
0.826
0.846
0.843
0.229
0.356
0.93
0.31
0.776
0.603
0.782
0.984
0.265
0.41
0.908
0.895
0.515
0.234
0.926
0.127
0.893
0.913
0.166
0.505
0.558
0.388
0.411
0.206
0.153
0.946
0.952
0.349
0.868
0.19
0.048
0.539
0.884
0.98
0.214
0.632
0.444
0.653
0.784
0.017
0.582
0.841
0.671
0.14
0.507
0.858
0.992
0.858
0.522
0.443
0.304
0.858
0.99
0.847
0.532
0.904
0.348
0.794
0.757
0.821
0.219
0.374
0.136
0.417
0.005
0.639
0.783
0.012
0.212
0.656
0.643
0.267
0.617
0.975
0.131
0.751
0.48
0.452
0.029
0.243
0.759
0.368
0.52
0.978
0.169
0.221
0.217
0.849
0.749
0.009
0.28
0.462
0.994
0.633
0.408
0.855
0.975
0.954
0.338
0.799
0.007
0.507
0.52
0.211
0.957
0.059
0.945
0.679
0.467
0.55
0.549
0.706
0.546
0.97
0.856
0.261
0.649
0.845
0.281
0.485
0.968
0.572
0.963
0.384
0.472
0.141
0.19
0.336
0.398
0.847
0.653
0.041
0.806
0.977
0.866
0.459
0.482
0.99
0.763
0.958
0.928
0.072
0.611
0.06
0.006
0.807
0.215
0.624
0.611
0.058
0.204
0.271
0.951
0.752
0.431
0.555
0.802
0.484
0.938
0.302
0.301
0.153
0.968
0.94
0.657
0.688
0.33
0.52
0.589
0.267
0.906
0.206
0.416
0.452
0.628
0.525
0.121
0.42
0.229
0.369
0.52
0.149
0.304
0.568
0.054
0.693
0.727
0.064
0.472
0.305
0.624
0.09
0.754
0.808
0.711
0.972
0.571
0.587
0.385
0.179
0.347
0.325
0.912
0.011
0.613
0.656
0.114
0.788
0.747
0.351
0.482
0.971
0.68
0.311
0.591
0.795
0.292
0.119
0.264
0.861
0.771
0.723
0.66
0.035
0.178
0.578
0.955
0.577
0.812
0.498
0.406
0.458
0.565
0.281
0.854
0.882
0.88
0.213
0.325
0.039
0.56
0.289
0.03
0.764
0.923
0.386
0.369
0.856
0.661
0.092
0.076
0.407
0.895
0.302
0.965
0.608
0.396
0.174
0.206
0.03
0.403
0.071
0.368
0.787
0.822
0.636
0.387
0.2
0.386
0.691
0.413
0.516
0.229
0.127
0.101
0.066
0.343
0.384
0.201
0.181
0.104
0.777
0.471
0.323
0.637
0.204
0.055
0.576
0.982
0.607
0.721
0.441
0.642
0.485
0.847
0.47
0.378
0.143
0.408
0.63
0.474
0.538
0.752
0.467
0.702
0.186
0.761
0.855
0.403
0.051
0.584
0.249
0.532
0.667
0.687
0.609
0.464
0.615
0.9
0.696
0.749
0.88
0.76
0.659
0.652
0.591
0.398
0.706
0.386
0.435
0.308
0.775
0.711
0.216
0.299
0.602
0.018
0.209
0.281
0.496
0.48
0.816
0.42
0.591
0.526
0.532
0.544
0.022
0.679
0.712
0.838
0.094
0.711
0.722
0.262
0.83
0.58
0.333
0.817
0.041
0.954
0.782
0.621
0.82
0.034
0.298
0.875
0.511
0.998
0.495
0.154
0.031
0.588
0.247
0.7
0.925
0.336
0.465
0.769
0.783
0.204
0.331
0.167
0.327
0.65
0.058
0.476
0.652
0.788
0.225
0.203
0.16
0.781
0.719
0.161
0.023
0.068
0.979
0.69
0.644
0.403
0.079
0.824
0.944
0.804
0.394
0.342
0.521
0.719
0.495
0.493
0.554
0.525
0.23
0.173
0.121
0.955
0.696
0.366
0.793
0.739
0.337
0.8
0.023
0.451
0.382
0.758
0.045
0.827
0.809
0.821
0.328
0.727
0.152
0.097
0.839
0.735
0.265
0.791
0.206
0.829
0.399
0.005
0.329
0.891
0.145
0.884
0.525
0.809
0.683
0.617
0.298
0.087
0.964
0.688
0.452
0.011
0.707
0.584
0.891
0.586
0.094
0.83
0.984
0.999
0.537
0.184
0.177
0.787
0.591
0.203
0.699
0.429
0.431
0.011
0.392
0.001
0.087
0.269
0.679
0.29
0.764
0.139
0.2
0.672
0.991
0.297
0.579
0.633
0.911
0.576
0.545
0.927
0.579
0.517
0.971
0.118
0.285
0.437
0.374
0.941
0.914
0.061
0.867
0.303
0.841
0.682
0.719
0.59
0.462
0.357
0.799
0.635
0.229
0.136
0.651
0.882
0.308
0.364
0.08
0.088
0.478
0.924
0.266
0.771
0.844
0.306
0.301
0.654
0.04
0.971
0.821
0.942
0.435
0.449
0.841
0.548
0.787
0.536
0.08
0.616
0.144
0.898
0.298
0.905
0.658
0.104
0.635
0.237
0.79
0.584
0.156
0.608
0.184
0.847
0.141
0.631
0.869
0.814
0.825
0.398
0.157
0.149
0.907
0.686
0.269
0.307
0.08
0.578
0.085
0.113
0.012
0.823
0.189
0.171
0.486
0.196
0.966
0.172
0.698
0.534
0.852
0.602
0.673
0.596
0.882
0.385
0.706
0.867
0.795
0.753
0.19
0.577
0.941
0.51
0.879
0.877
0.713
0.939
0.462
0.638
0.86
0.581
0.883
0.297
0.751
0.65
0.74
0.714
0.505
0.215
0.04
0.321
0.861
0.464
0.37
0.034
0.45
0.661
0.313
0.21
0.801
0.49
0.484
0.407
0.015
0.753
0.416
0.806
0.375
0.153
0.866
0.886
0.901
0.202
0.594
0.779
0.369
0.855
0.839
0.488
0.185
0.635
0.594
0.033
0.202
0.944
0.507
0.187
0.933
0.663
0.284
0.593
0.907
0.504
0.836
0.005
0.802
0.017
0.162
0.827
0.314
0.567
0.694
0.902
0.26
0.287
0.819
0.887
0.211
0.424
0.811
0.64
0.592
0.691
0.176
0.852
0.836
0.715
0.885
0.64
0.449
0.333
0.477
0.132
0.569
0.601
0.99
0.829
0.566
0.117
0.586
0.743
0.833
0.584
0.318
0.09
0.236
0.927
0.899
0.469
0.356
0.869
0.111
0.41
0.122
0.699
0.183
0.431
0.476
0.505
0.731
0.501
0.403
0.491
0.513
0.88
0.776
0.854
0.617
0.679
0.433
0.395
0.815
0.601
0.548
0.458
0.435
0.033
0.65
0.091
0.009
0.107
0.789
0.088
0.325
0.123
0.01
0.758
0.364
0.897
0.747
0.52
0.26
0.795
0.311
0.187
0.16
0.497
0.656
0.866
0.959
0.458
0.729
0.15
0.157
0.989
0.121
0.336
0.296
0.077
0.637
0.036
0.385
0.717
0.897
0.597
0.44
0.994
0.253
0.985
0.727
0.495
0.273
0.523
0.014
0.339
0.635
0.175
0.484
0.846
0.233
0.579
0.92
0.308
0.841
0.653
0.787
0.358
0.031
0.369
0.504
0.223
0.621
0.985
0.13
0.14
0.567
0.526
0.564
0.741
0.005
0.587
0.855
0.649
0.146
0.881
0.071
0.523
0.191
0.531
0.24
0.606
0.817
0.566
0.151
0.993
0.281
0.876
0.417
0.225
0.094
0.024
0.95
0.486
0.171
0.549
0.386
0.231
0.882
0.84
0.924
0.894
0.918
0.309
0.427
0.796
0.381
0.128
0.784
0.208
0.084
0.885
0.438
0.368
0.142
0.959
0.069
0.025
0.421
0.166
0.456
0.624
0.051
0.194
0.589
0.004
0.674
0.532
0.016
0.263
0.597
0.792
0.574
0.606
0.609
0.166
0.732
0.74
0.259
0.088
0.604
0.03
0.731
0.257
0.634
0.914
0.741
0.305
0.678
0.33
0.577
0.441
0.691
0.404
0.796
0.643
0.723
0.836
0.227
0.792
0.797
0.613
0.559
0.861
0.166
0.387
0.795
0.811
0.074
0.395
0.381
0.054
0.194
0.03
0.06
0.998
0.706
0.689
0.741
0.172
0.412
0.222
0.474
0.725
0.711
0.802
0.332
0.019
0.859
0.97
0.802
0.269
0.284
0.819
0.932
0.965
0.292
0.255
0.583
0.02
0.96
0.329
0.596
0.354
0.417
0.141
0.947
0.737
0.233
0.509
0.011
0.648
0.748
0.33
0.201
0.325
0.894
0.087
0.562
0.07
0.442
0.91
0.874
0.584
0.991
0.19
0.476
0.778
0.641
0.578
0.35
0.494
0.591
0.462
0.858
0.461
0.099
0.016
0.81
0.849
0.999
0.971
0.708
0.196
0.523
0.242
0.218
0.261
0.809
0.31
0.752
0.792
0.232
0.641
0.326
0.967
0.01
0.056
0.822
0.331
0.792
0.519
0.501
0.297
0.127
0.779
0.25
0.25
0.382
0.017
0.882
0.918
0.144
0.505
0.736
0.555
0.523
0.856
0.0
0.688
0.638
0.519
0.934
0.776
0.822
0.216
0.811
0.287
0.206
0.906
0.668
0.316
0.853
0.107
0.304
0.541
0.753
0.298
0.034
0.234
0.272
0.589
0.797
0.725
0.451
0.721
0.584
0.082
0.869
0.279
0.325
0.936
0.59
0.099
0.149
0.039
0.288
0.859
0.903
0.795
0.126
0.983
0.501
0.473
0.252
0.495
0.926
0.628
0.964
0.469
0.397
0.608
0.529
0.075
0.798
0.094
0.103
0.22
0.896
0.701
0.572
0.081
0.117
0.667
0.435
0.831
0.138
0.571
0.807
0.949
0.464
0.439
0.103
0.96
0.978
0.676
0.207
0.566
0.931
0.593
0.432
0.462
0.359
0.968
0.096
0.075
0.644
0.901
0.68
0.755
0.268
0.241
0.576
0.487
0.431
0.162
0.601
0.347
0.691
0.938
0.254
0.104
0.98
0.346
0.183
0.044
0.796
0.467
0.287
0.464
0.044
0.326
0.867
0.134
0.623
0.44
0.608
0.25
0.143
0.87
0.94
0.706
0.836
0.242
0.376
0.203
0.665
0.477
0.652
0.25
0.264
0.002
0.025
0.269
0.556
0.366
0.79
0.443
0.429
0.255
0.912
0.207
0.329
0.559
0.497
0.07
0.366
0.936
0.87
0.364
0.851
0.375
0.965
0.826
0.091
0.014
0.306
0.48
0.236
0.31
0.679
0.739
0.597
0.787
0.949
0.688
0.796
0.673
0.711
0.123
0.899
0.49
0.34
0.125
0.638
0.51
0.327
0.382
0.169
0.72
0.644
0.819
0.861
0.108
0.011
0.511
0.256
0.317
0.782
0.412
0.459
0.189
0.017
0.296
0.967
0.167
0.624
0.615
0.874
0.824
0.929
0.505
0.229
0.339
0.992
0.949
0.883
0.571
0.936
0.993
0.205
0.827
0.391
0.396
0.828
0.464
0.582
0.279
0.718
0.562
0.843
0.837
0.476
0.17
0.323
0.63
0.187
0.713
0.77
0.941
0.091
0.417
0.625
0.78
0.357
0.979
0.497
0.679
0.679
0.552
0.979
0.132
0.652
0.943
0.324
0.726
0.739
0.404
0.38
0.845
0.183
0.735
0.848
0.352
0.109
0.387
0.852
0.086
0.425
0.337
0.763
0.24
0.26
0.237
0.958
0.984
0.924
0.612
0.822
0.832
0.514
0.348
0.867
0.131
0.007
0.81
0.769
0.557
0.427
0.5
0.109
0.721
0.029
0.647
0.179
0.208
0.757
0.806
0.757
0.154
0.461
0.562
0.895
0.678
0.301
0.61
0.542
0.095
0.975
0.82
0.597
0.534
0.614
0.013
0.07
0.112
0.45
0.539
0.009
0.753
0.629
0.544
0.304
0.796
0.727
0.199
0.064
0.552
0.149
0.512
0.078
0.837
0.075
0.025
0.209
0.093
0.231
0.833
0.153
0.831
0.712
0.613
0.11
0.669
0.644
0.897
0.198
0.97
0.659
0.505
0.4
0.772
0.462
0.637
0.848
0.93
0.903
0.645
0.097
0.012
0.563
0.878
0.232
0.673
0.739
0.507
0.494
0.229
0.935
0.49
0.028
0.155
0.579
0.425
0.869
0.323
0.292
0.724
0.161
0.486
0.039
0.104
0.547
0.327
0.698
0.586
0.865
0.557
0.311
0.022
0.728
0.21
0.538
0.358
0.842
0.768
0.272
0.71
0.296
0.119
0.314
0.973
0.632
0.298
0.806
0.091
0.038
0.326
0.316
0.197
0.847
0.033
0.864
0.876
0.309
0.905
0.604
0.377
0.57
0.393
0.388
0.571
0.526
0.762
0.565
0.182
0.654
0.372
0.338
0.929
0.386
0.743
0.838
0.896
0.803
0.488
0.735
0.08
0.154
0.576
0.75
0.108
0.303
0.538
0.6
0.447
0.595
0.846
0.351
0.943
0.436
0.548
0.368
0.261
0.823
0.038
0.967
0.438
0.618
0.551
0.492
0.192
0.497
0.825
0.294
0.427
0.501
0.836
0.727
0.93
0.636
0.752
0.991
0.326
0.223
0.024
0.773
0.935
0.041
0.529
0.666
0.949
0.697
0.083
0.891
0.585
0.874
0.803
0.963
0.775
0.187
0.26
0.308
0.207
0.682
0.456
0.835
0.767
0.1
0.324
0.115
0.417
0.316
0.061
0.531
0.197
0.915
0.934
0.218
0.412
0.307
0.682
0.665
0.928
0.423
0.007
0.056
0.201
0.724
0.419
0.315
0.365
0.037
0.011
0.15
0.22
0.813
0.959
0.545
0.565
0.852
0.132
0.895
0.024
0.736
0.011
0.061
0.311
0.208
0.466
0.108
0.612
0.786
0.643
0.725
0.256
0.276
0.384
0.74
0.135
0.387
0.835
0.278
0.487
0.407
0.451
0.914
0.959
0.961
0.332
0.897
0.83
0.256
0.477
0.317
0.701
0.598
0.317
0.882
0.353
0.901
0.589
0.252
0.811
0.443
0.619
0.436
0.81
0.367
0.833
0.023
0.304
0.303
0.042
0.662
0.594
0.386
0.504
0.278
0.577
0.032
0.339
0.766
0.105
0.795
0.813
0.748
0.032
0.929
0.232
0.145
0.643
0.574
0.408
0.047
0.704
0.885
0.567
0.01
0.169
0.116
0.634
0.712
0.146
0.807
0.197
0.7
0.032
0.885
0.575
0.263
0.835
0.223
0.71
0.328
0.37
0.037
0.756
0.611
0.891
0.483
0.097
0.836
0.536
0.292
0.375
0.205
0.815
0.515
0.189
0.739
0.963
0.732
0.18
0.225
0.733
0.343
0.277
0.85
0.918
0.932
0.28
0.178
0.598
0.725
0.774
0.039
0.456
0.098
0.419
0.27
0.172
0.809
0.516
0.243
0.259
0.284
0.739
0.945
0.607
0.477
0.392
0.546
0.196
0.769
0.504
0.073
0.948
0.314
0.659
0.994
0.958
0.904
0.972
0.389
0.199
0.204
0.471
0.751
0.636
0.776
0.737
0.462
0.899
0.227
0.666
0.491
0.149
0.452
0.831
0.922
0.085
0.539
0.489
0.999
0.603
0.335
0.056
0.758
0.9
0.461
0.326
0.656
0.927
0.492
0.518
0.992
0.904
0.26
0.808
0.289
0.24
0.691
0.34
0.76
0.733
0.85
0.521
0.752
0.79
0.573
0.453
0.15
0.498
0.331
0.969
0.077
0.679
0.852
0.324
0.406
0.67
0.126
0.728
0.551
0.033
0.396
0.065
0.057
0.266
0.453
0.102
0.38
0.698
0.54
0.925
0.64
0.589
0.648
0.192
0.0
0.043
0.232
0.175
0.613
0.593
0.505
0.229
0.487
0.63
0.537
0.909
0.751
0.608
0.894
0.403
0.678
0.021
0.976
0.063
0.393
0.564
0.222
0.083
0.952
0.42
0.176
0.877
0.359
0.324
0.843
0.749
0.839
1.0
0.84
0.304
0.12
0.832
0.288
0.404
0.014
0.133
0.015
0.47
0.049
0.134
0.139
0.321
0.27
0.297
0.856
0.98
0.906
0.092
0.298
0.82
0.509
0.907
0.33
0.95
0.422
0.531
0.678
0.837
0.902
0.221
0.021
0.291
0.272
0.614
0.871
0.351
0.609
0.097
0.566
0.932
0.065
0.849
0.935
0.68
0.783
0.746
0.683
0.895
0.036
0.964
0.15
0.745
0.753
0.134
0.439
0.227
0.122
0.651
0.254
0.124
0.191
0.752
0.431
0.449
0.05
0.407
0.389
0.918
0.635
0.659
0.622
0.878
0.203
0.826
0.337
0.222
0.16
0.962
0.69
0.595
0.113
0.466
0.107
0.654
0.072
0.596
0.658
0.927
0.093
0.455
0.602
0.593
0.05
0.459
0.453
0.092
0.705
0.984
0.993
0.949
0.812
0.947
0.098
0.565
0.711
0.377
0.784
0.74
0.261
0.322
0.418
0.074
0.165
0.81
0.144
0.22
0.459
0.674
0.518
0.742
0.152
0.24
0.556
0.453
0.492
0.935
0.13
0.277
0.679
0.107
0.825
0.483
0.735
0.324
0.637
0.545
0.627
0.416
0.226
0.264
0.543
0.35
0.071
0.113
0.118
0.43
0.561
0.528
0.863
0.486
0.72
0.223
0.961
0.643
0.959
0.915
0.194
0.744
0.333
0.049
0.662
0.866
0.925
0.672
0.283
0.059
0.579
0.027
0.81
0.194
0.5
0.032
0.587
0.298
0.387
0.567
0.752
0.007
0.52
0.07
0.766
0.971
0.19
0.975
0.209
0.304
0.599
0.216
0.234
0.15
0.458
0.774
0.899
0.718
0.404
0.92
0.506
0.542
0.497
0.173
0.434
0.867
0.043
0.238
0.767
0.469
0.445
0.44
0.417
0.042
0.347
0.397
0.618
0.282
0.835
0.326
0.693
0.238
0.388
0.686
0.033
0.193
0.616
0.055
0.992
0.59
0.208
0.782
0.85
0.006
0.96
0.997
0.211
0.234
0.791
0.625
0.616
0.468
0.813
0.283
0.136
0.917
0.354
0.387
0.909
0.912
0.176
0.632
0.049
0.314
0.126
0.895
0.855
0.691
0.202
0.031
0.372
0.317
0.476
0.373
0.072
0.949
0.458
0.264
0.553
0.042
0.611
0.025
0.637
0.358
0.998
0.122
0.796
0.187
0.392
0.264
0.022
0.549
0.397
0.715
0.215
0.524
0.005
0.7
0.485
0.771
0.27
0.634
0.472
0.082
0.356
0.635
0.356
0.072
0.501
0.235
0.155
0.935
0.089
0.979
0.646
0.704
0.219
0.578
0.274
0.497
0.188
0.248
0.946
0.048
0.17
0.753
0.08
0.667
0.47
0.42
0.283
0.33
0.545
0.048
0.864
0.144
0.591
0.73
0.622
0.012
0.959
0.919
0.917
0.284
0.641
0.225
0.137
0.846
0.7
0.668
0.142
0.411
0.64
0.889
0.276
0.629
0.516
0.202
0.591
0.658
0.451
0.566
0.387
0.54
0.845
0.994
0.594
0.282
0.491
0.732
0.317
0.451
0.544
0.502
0.145
0.129
0.969
0.797
0.439
0.703
0.02
0.451
0.003
0.477
0.168
0.563
0.806
0.201
0.234
0.885
0.347
0.297
0.792
0.713
0.883
0.505
0.229
0.161
0.932
0.567
0.092
0.63
0.762
0.05
0.375
0.605
0.168
0.288
0.811
0.985
0.863
0.957
0.709
0.45
0.221
0.36
0.075
0.27
0.953
0.582
0.678
0.664
0.116
0.052
0.352
0.972
0.963
0.781
0.19
0.234
0.578
0.443
0.408
0.369
0.359
0.972
0.823
0.166
0.698
0.476
0.655
0.259
0.576
0.842
0.57
0.905
0.527
0.297
0.656
0.047
0.081
0.107
0.465
0.847
0.162
0.895
0.662
0.034
0.9
0.757
0.363
0.982
0.183
0.421
0.608
0.677
0.139
0.164
0.066
0.88
0.236
0.554
0.729
0.806
0.571
0.741
0.774
0.576
0.445
0.989
0.788
0.759
0.528
0.256
0.835
0.617
0.77
0.589
0.727
0.938
0.472
0.351
0.711
0.89
0.336
0.431
0.281
0.719
0.848
0.927
0.512
0.897
0.135
0.843
0.056
0.898
0.511
0.151
0.355
0.667
0.107
0.337
0.344
0.836
0.485
0.986
0.162
0.927
0.392
0.758
0.481
0.994
0.423
0.127
0.148
0.17
0.904
0.535
0.412
0.294
0.738
0.113
0.039
0.301
0.452
0.652
0.926
0.759
0.524
0.641
0.015
0.644
0.325
0.161
0.789
0.96
0.408
0.388
0.626
0.025
0.102
0.898
0.651
0.706
0.994
0.97
0.39
0.927
0.895
0.883
0.244
0.27
0.279
0.006
0.368
0.539
0.698
0.019
0.052
0.269
0.798
0.949
0.994
0.142
0.367
0.842
0.082
0.092
0.368
0.009
0.183
0.549
0.565
0.091
0.781
0.039
0.33
0.786
0.22
0.66
0.16
0.001
0.407
0.267
0.488
0.208
0.572
0.662
0.305
0.028
0.147
0.993
0.662
0.358
0.963
0.737
0.555
0.571
0.882
0.214
0.428
0.88
0.132
0.713
0.328
0.435
0.005
0.139
0.532
0.42
0.568
0.366
0.434
0.207
0.964
0.467
0.457
0.32
0.07
0.78
0.766
0.999
0.912
0.484
0.287
0.517
0.669
0.032
0.041
0.255
0.833
0.556
0.713
0.362
0.197
0.939
0.088
0.073
0.601
0.225
0.413
0.078
0.654
0.199
0.644
0.454
0.058
0.704
0.138
0.596
0.967
0.667
0.104
0.746
0.115
0.016
0.209
0.748
0.309
0.877
0.444
0.257
0.616
0.696
0.645
0.361
0.341
0.87
0.194
0.534
0.943
0.586
0.034
0.379
0.488
0.294
0.852
0.967
0.832
0.747
0.599
0.709
0.696
0.482
0.543
0.771
0.159
0.561
0.365
0.542
0.75
0.365
0.106
0.727
0.079
0.097
0.62
0.513
0.772
0.773
0.934
0.506
0.12
0.402
0.59
0.199
0.05
0.064
0.518
0.118
0.305
0.473
0.337
0.211
0.813
0.765
0.051
0.556
0.754
0.202
0.287
0.795
0.833
0.646
0.074
0.314
0.351
0.396
0.111
0.016
0.15
0.363
0.951
0.48
0.676
0.096
0.748
0.276
0.063
0.382
0.611
0.607
0.008
0.435
0.037
0.975
0.632
0.938
0.803
0.741
0.356
0.129
0.42
0.566
0.937
0.944
0.672
0.621
0.851
0.786
0.905
0.166
0.71
0.55
0.57
0.905
0.386
0.7
0.852
0.754
0.104
0.411
0.595
0.729
0.928
0.649
0.261
0.965
0.083
0.711
0.284
0.595
0.174
0.139
0.302
0.418
0.814
0.85
0.755
0.697
0.726
0.221
0.847
0.663
0.601
0.336
0.072
0.151
0.302
0.65
0.392
0.621
0.005
0.035
0.476
0.436
0.761
0.793
0.094
0.497
0.502
0.378
0.736
0.428
0.419
0.141
0.918
0.697
0.549
0.911
0.862
0.21
0.086
0.29
0.465
0.125
0.796
0.37
0.615
0.579
0.537
0.025
0.461
0.288
0.651
0.603
0.04
0.899
0.408
0.082
0.955
0.766
0.808
0.495
0.833
0.004
0.192
0.422
0.56
0.336
0.801
0.488
0.141
0.042
0.532
0.017
0.899
0.381
0.793
0.116
0.802
0.161
0.576
0.528
0.022
0.693
0.17
0.815
0.583
0.767
0.498
0.615
0.724
0.396
0.86
0.948
0.872
0.322
0.567
0.598
0.709
0.751
0.238
0.23
0.76
0.357
0.364
0.924
0.045
0.723
0.971
0.52
0.901
0.957
0.115
0.564
0.988
0.594
0.721
0.562
0.736
0.274
0.633
0.188
0.15
0.622
0.379
0.525
0.431
0.131
0.621
0.059
0.18
0.632
0.428
0.742
0.011
0.549
0.951
0.862
0.653
0.547
0.12
0.461
0.704
0.958
0.275
0.207
0.735
0.361
0.238
0.548
0.225
0.957
0.836
0.599
0.782
0.244
0.435
0.547
0.224
0.934
0.675
0.956
0.449
0.456
0.816
0.914
0.157
0.939
0.209
0.326
0.196
0.077
0.055
0.99
0.736
0.995
0.41
0.975
0.267
0.275
0.683
0.32
0.738
0.641
0.084
0.417
0.438
0.425
0.631
0.999
0.882
0.176
0.935
0.832
0.182
0.06
0.598
0.796
0.842
0.879
0.952
0.857
0.497
0.571
0.223
0.43
0.888
0.644
0.64
0.205
0.494
0.857
0.789
0.752
0.034
0.725
0.445
0.697
0.238
0.99
0.41
0.297
0.833
0.53
0.084
0.301
0.402
0.546
0.878
0.899
0.363
0.279
0.143
0.751
0.856
0.697
0.051
0.633
0.078
0.589
0.943
0.55
0.158
0.083
0.51
0.614
0.339
0.443
0.613
0.944
0.515
0.865
0.56
0.229
0.222
0.942
0.508
0.627
0.779
0.9
0.023
0.258
0.724
0.722
0.248
0.557
0.131
0.32
0.462
0.126
0.643
0.646
0.983
0.417
0.183
0.543
0.611
0.295
0.385
0.642
0.065
0.516
0.128
0.385
0.758
0.443
0.874
0.019
0.368
0.11
0.942
0.362
0.983
0.326
0.907
0.064
0.577
0.081
0.903
0.443
0.606
0.829
0.996
0.766
0.108
0.793
0.542
0.414
0.454
0.797
0.818
0.547
0.094
0.141
0.153
0.864
0.871
0.324
0.338
0.139
0.443
0.905
0.021
0.49
0.187
0.775
0.794
0.277
0.01
0.187
0.623
0.361
0.728
0.672
0.592
0.807
0.641
0.393
0.082
0.797
0.242
0.279
0.218
0.482
0.109
0.6
0.75
0.038
0.346
0.245
0.514
0.571
0.681
0.435
0.03
0.336
0.99
0.562
0.711
0.291
0.419
0.148
0.516
0.319
0.161
0.227
0.197
0.856
0.508
0.747
0.508
0.479
0.124
0.993
0.415
0.667
0.985
0.243
0.42
0.574
0.368
0.393
0.568
0.886
0.144
0.967
0.447
0.083
0.213
0.245
0.29
0.626
0.392
0.029
0.347
0.496
0.556
0.706
0.621
0.777
0.924
0.983
0.524
0.231
0.601
0.961
0.895
0.625
0.2
0.646
0.414
0.399
0.11
0.98
0.909
0.938
0.024
0.42
0.303
0.87
0.38
0.581
0.33
0.194
0.47
0.865
0.857
0.829
0.56
0.441
0.618
0.505
0.667
0.165
0.611
0.324
0.439
0.93
0.812
0.864
0.9
0.562
0.5
0.634
0.704
0.437
0.227
0.522
0.721
0.721
0.433
0.208
0.391
0.286
0.516
0.217
0.39
0.168
0.695
0.828
0.439
0.63
0.754
0.421
0.18
0.932
0.722
0.155
0.332
0.08
0.736
0.497
0.291
0.797
0.302
0.233
0.024
0.941
0.749
0.672
0.669
0.603
0.79
0.476
0.856
0.36
0.139
0.472
0.651
0.601
0.463
0.911
0.527
0.344
0.468
0.324
0.818
0.741
0.482
0.009
0.623
0.406
0.642
0.74
0.608
0.461
0.022
0.468
0.18
0.322
0.347
0.989
0.748
0.684
0.789
0.413
0.956
0.313
0.111
0.04
0.144
0.066
0.384
0.442
0.795
0.741
0.275
0.288
0.767
0.602
0.969
0.58
0.173
0.19
0.789
0.104
0.738
0.03
0.42
0.551
0.903
0.734
0.325
0.086
0.652
0.817
0.236
0.59
0.076
0.526
0.605
0.69
0.693
0.276
0.01
0.213
0.158
0.508
0.385
0.182
0.966
0.148
0.395
0.057
0.706
0.936
0.089
0.403
0.157
0.235
0.371
0.908
0.835
0.436
0.373
0.765
0.906
0.726
0.325
0.319
0.301
0.217
0.567
0.186
0.336
0.46
0.257
0.642
0.673
0.488
0.041
0.244
0.652
0.267
0.196
0.449
0.333
0.148
0.518
0.431
0.818
0.114
0.931
0.216
0.994
0.435
0.021
0.654
0.259
0.534
0.434
0.411
0.043
0.71
0.851
0.731
0.605
0.453
0.499
0.081
0.535
0.996
0.308
0.193
0.614
0.563
0.035
0.538
0.717
0.854
0.398
0.134
0.923
0.822
0.137
0.917
0.681
0.278
0.942
0.457
0.269
0.09
0.012
0.005
0.029
0.984
0.014
0.658
0.692
0.572
0.535
0.718
0.243
0.069
0.714
0.375
0.791
0.892
0.23
0.584
0.44
0.128
0.681
0.43
0.124
0.829
0.204
0.951
0.008
0.523
0.437
0.387
0.063
0.432
0.3
0.844
0.284
0.774
0.196
0.402
0.772
0.44
0.651
0.829
0.658
0.393
0.988
0.682
0.953
0.027
0.647
0.54
0.464
0.066
0.368
0.939
0.691
0.21
0.951
0.988
0.916
0.566
0.737
0.832
0.063
0.33
0.234
0.227
0.807
0.562
0.969
0.64
0.5
0.675
0.325
0.242
0.755
0.131
0.09
0.657
0.414
0.964
0.7
0.767
0.966
0.125
0.771
0.202
0.321
0.938
0.983
0.061
0.12
0.684
0.235
0.658
0.917
0.424
0.379
0.443
0.108
0.961
0.923
0.524
0.352
0.256
0.903
0.303
0.591
0.225
0.733
0.121
0.718
0.07
0.674
0.97
0.63
0.683
0.339
0.677
0.207
0.16
0.992
0.411
0.131
0.003
0.179
0.71
0.838
0.858
0.223
0.805
0.602
0.703
0.489
0.689
0.583
0.46
0.467
0.923
0.361
0.245
0.757
0.827
0.009
0.615
0.776
0.62
0.63
0.614
0.067
0.981
0.641
0.322
0.738
0.098
0.258
0.488
0.768
0.024
0.943
0.035
0.224
0.828
0.889
0.22
0.801
0.163
0.249
0.475
0.908
0.254
0.218
0.948
0.936
0.036
0.81
0.039
0.413
0.371
0.815
0.869
0.504
0.571
0.65
0.706
0.156
0.562
0.334
0.053
0.662
0.989
0.235
0.688
0.48
0.423
0.888
0.031
0.176
0.523
0.501
0.734
0.022
0.391
0.615
0.89
0.688
0.076
0.716
0.327
0.987
0.715
0.203
0.817
0.05
0.6
0.413
0.538
0.888
0.387
0.725
0.855
0.228
0.005
0.841
0.481
0.211
0.624
0.343
0.923
0.163
0.456
0.933
0.828
0.629
0.036
0.552
0.243
0.616
0.291
0.028
0.439
0.732
0.594
0.594
0.294
0.072
0.915
0.493
0.499
0.082
0.558
0.098
0.345
0.541
0.062
0.415
0.409
0.596
0.834
0.249
0.309
0.307
0.087
0.495
0.438
0.849
0.442
0.948
0.176
0.079
0.976
0.001
0.308
0.066
0.696
0.502
0.374
0.392
0.747
0.885
0.677
0.759
0.945
0.206
0.94
0.666
0.342
0.755
0.06
0.458
0.483
0.418
0.775
0.519
0.368
0.267
0.507
0.011
0.722
0.931
0.126
0.716
0.225
0.603
0.151
0.312
0.714
0.54
0.134
0.326
0.634
0.494
0.594
0.366
0.829
0.926
0.767
0.438
0.588
0.689
0.887
0.919
0.864
0.811
0.922
0.02
0.521
0.91
0.71
0.411
0.972
0.831
0.062
0.83
0.788
0.195
0.906
0.476
0.741
0.533
0.826
0.43
0.894
0.774
0.778
0.478
0.679
0.358
0.251
0.975
0.577
0.634
0.665
0.056
0.342
0.757
0.742
0.377
0.953
0.954
0.53
0.869
0.562
0.227
0.344
0.065
0.079
0.81
0.497
0.247
0.798
0.297
0.065
0.265
0.351
0.058
0.649
0.497
0.652
0.949
0.521
0.395
0.698
0.904
0.507
0.567
0.071
0.109
0.843
0.46
0.228
0.364
0.363
0.12
0.274
0.371
0.932
0.72
0.726
0.642
0.282
0.12
0.405
0.564
0.662
0.773
0.062
0.883
0.621
0.859
0.102
0.519
0.029
0.446
0.111
0.346
0.942
0.278
0.509
0.923
0.441
0.576
0.291
0.653
0.638
0.92
0.7
0.415
0.209
0.384
0.846
0.245
0.641
0.702
0.754
0.529
0.622
0.786
0.932
0.293
0.215
0.432
0.92
0.593
0.379
0.278
0.108
0.725
0.334
0.613
0.535
0.278
0.881
0.969
0.26
0.219
0.162
0.108
0.519
0.125
0.696
0.95
0.349
0.271
0.65
0.61
0.05
0.873
0.568
0.882
0.564
0.582
0.289
0.599
0.136
0.124
0.753
0.171
0.374
0.994
0.827
0.679
0.093
0.975
0.143
0.457
0.797
0.275
0.356
0.057
0.672
0.602
0.164
0.692
0.597
0.591
0.585
0.243
0.071
0.084
0.854
0.127
0.11
0.156
0.078
0.964
0.538
0.055
0.302
0.712
0.872
0.025
0.11
0.27
0.855
0.756
0.128
0.195
0.382
0.58
0.417
0.069
0.276
0.607
0.366
0.415
0.289
0.979
0.752
0.359
0.844
0.939
0.085
0.407
0.4
0.106
0.461
0.852
0.876
0.94
0.361
0.441
0.713
0.05
0.205
0.033
0.927
0.617
0.166
0.09
0.6
0.301
0.907
0.981
0.613
0.752
0.602
0.416
0.697
0.088
0.976
0.151
0.008
0.85
0.846
0.544
0.313
0.16
0.347
0.382
0.276
0.477
0.229
0.625
0.512
0.451
0.684
0.485
