0.311
0.474
0.907
0.059
0.333
0.133
0.648
0.007
0.781
0.473
0.62
0.752
0.981
0.241
0.332
0.526
0.972
0.231
0.537
0.121
0.635
0.609
0.596
0.939
0.273
0.955
0.059
0.104
0.559
0.906
0.848
0.011
0.71
0.852
0.626
0.855
0.126
0.486
0.575
0.903
0.185
0.033
0.921
0.372
0.972
0.991
0.444
0.588
0.309
0.735
0.878
0.879
0.572
0.719
0.488
0.682
0.632
0.059
0.087
0.196
0.734
0.64
0.745
0.112
0.812
0.967
0.515
0.231
0.625
0.215
0.822
0.769
0.835
0.143
0.179
0.952
0.51
0.196
0.304
0.433
0.326
0.935
0.443
0.671
0.454
0.368
0.895
0.957
0.485
0.93
0.854
0.183
0.541
0.337
0.887
0.132
0.055
0.023
0.368
0.378
0.598
0.469
0.188
0.045
0.354
0.926
0.943
0.506
0.42
0.734
0.501
0.755
0.586
0.851
0.949
0.245
0.735
0.023
0.817
0.467
0.086
0.658
0.633
0.066
0.124
0.174
0.961
0.177
0.375
0.171
0.023
0.741
0.344
0.779
0.073
0.352
0.769
0.543
0.498
0.919
0.64
0.555
0.173
0.586
0.488
0.343
0.026
0.298
0.018
0.158
0.894
0.344
0.259
0.345
0.529
0.02
0.943
0.924
0.656
0.69
0.871
0.045
0.568
0.862
0.034
0.884
0.119
0.369
0.946
0.394
0.699
0.766
0.773
0.552
0.68
0.642
0.537
0.353
0.222
0.588
0.974
0.098
0.927
0.743
0.029
0.145
0.792
0.734
0.369
0.242
0.518
0.536
0.804
0.795
0.678
0.317
0.263
0.61
0.692
0.932
0.12
0.794
0.751
0.757
0.393
0.795
0.163
0.977
0.541
0.795
0.658
0.007
0.186
0.854
0.365
0.472
0.657
0.666
0.364
0.013
0.454
0.723
0.571
0.898
0.545
0.704
0.876
0.99
0.756
0.574
0.307
0.967
0.044
0.63
0.263
0.025
0.181
0.782
0.989
0.455
0.449
0.442
0.887
0.564
0.613
0.307
0.16
0.266
0.404
0.993
0.888
0.298
0.688
0.51
0.417
0.255
0.325
0.022
0.806
0.199
0.67
0.287
0.509
0.084
0.886
0.619
0.125
0.632
0.471
0.911
0.908
0.052
0.793
0.003
0.053
0.535
0.774
0.533
0.401
0.158
0.787
0.888
0.757
0.459
0.194
0.965
0.568
0.721
0.893
0.184
0.214
0.207
0.544
0.564
0.875
0.713
0.824
0.973
0.694
0.572
0.234
0.078
0.458
0.023
0.173
0.896
0.771
0.959
0.828
0.726
0.409
0.656
0.999
0.974
0.44
0.576
0.89
0.202
0.015
0.502
0.548
0.852
0.902
0.582
0.388
0.904
0.819
0.25
0.007
0.053
0.829
0.628
1.0
0.235
0.462
0.084
0.848
0.597
0.257
0.865
0.016
0.338
0.791
0.837
0.236
0.442
0.037
0.969
0.967
0.457
0.393
0.433
0.924
0.647
0.349
0.441
0.502
0.559
0.301
0.958
0.538
0.611
0.882
0.235
0.056
0.503
0.035
0.323
0.265
0.271
0.851
0.731
0.752
0.566
0.699
0.081
0.406
0.646
0.746
0.225
0.68
0.968
0.119
0.357
0.683
0.173
0.278
0.888
0.297
0.348
0.053
0.909
0.185
0.583
0.339
0.667
0.312
0.911
0.386
0.101
0.081
0.903
0.321
0.64
0.644
0.312
0.376
0.027
0.531
0.002
0.531
0.213
0.396
0.987
0.983
0.208
0.338
0.261
0.002
0.009
0.811
0.759
0.572
0.844
0.818
0.645
0.881
0.837
0.826
0.201
0.939
0.914
0.261
0.418
0.505
0.855
0.998
0.87
0.154
0.125
0.015
0.71
0.971
0.75
0.961
0.82
0.677
0.025
0.451
0.461
0.164
0.435
0.287
0.186
0.657
0.803
0.461
0.534
0.501
0.219
0.198
0.898
0.221
0.784
0.507
0.199
0.295
0.328
0.062
0.576
0.214
0.155
0.792
0.155
0.247
0.866
0.373
0.841
0.942
0.405
0.489
0.979
0.374
0.898
0.608
0.566
0.838
0.163
0.763
0.236
0.081
0.647
0.25
0.102
0.47
0.381
0.248
0.907
0.435
0.632
0.808
0.933
0.183
0.15
0.965
0.798
0.469
0.766
0.565
0.855
0.023
0.87
0.332
0.749
0.889
0.896
0.023
0.536
0.089
0.066
0.004
0.583
0.029
0.607
0.189
0.272
0.401
0.478
0.063
0.411
0.624
0.424
0.745
0.903
0.714
0.432
0.687
0.097
0.988
0.805
0.902
0.657
0.282
0.765
0.376
0.48
0.489
0.573
0.498
0.312
0.599
0.595
0.504
0.714
0.561
0.534
0.997
0.832
0.162
0.448
0.981
0.005
0.764
0.289
0.124
0.492
0.066
0.237
0.421
0.054
0.711
0.357
0.096
0.046
0.117
0.38
0.822
0.676
0.962
0.681
0.597
0.512
0.293
0.584
0.508
0.844
0.93
0.999
0.39
0.869
0.153
0.505
0.089
0.994
0.509
0.034
0.759
0.473
0.474
0.646
0.628
0.902
0.893
0.256
0.413
0.898
0.255
0.077
0.849
0.156
0.024
0.274
0.254
0.988
0.458
0.364
0.491
0.114
0.72
0.553
0.057
0.785
0.423
0.929
0.864
0.606
0.295
0.039
0.009
0.415
0.487
0.092
0.492
0.527
0.141
0.75
0.19
0.369
0.918
0.424
0.32
0.996
0.626
0.188
0.371
0.962
0.14
0.793
0.847
0.507
0.814
0.134
0.141
0.132
0.103
0.821
0.346
0.968
0.099
0.278
0.95
0.092
0.425
0.064
0.286
0.258
0.522
0.833
0.616
0.755
0.217
0.865
0.726
0.753
0.062
0.947
0.779
0.831
0.237
0.567
0.874
0.438
0.853
0.814
0.244
0.61
0.245
0.107
0.408
0.507
0.298
0.753
0.101
0.816
0.985
0.294
0.12
0.555
0.445
0.828
0.231
0.332
0.493
0.502
0.358
0.319
0.917
0.485
0.719
0.304
0.056
0.501
0.486
0.338
0.676
0.585
0.736
0.41
0.193
0.652
0.541
0.537
0.812
0.36
0.758
0.907
0.283
0.579
0.537
0.702
0.747
0.711
0.438
0.807
0.033
0.017
0.255
0.849
0.884
0.003
0.369
0.271
0.646
0.888
0.843
0.136
0.624
0.655
0.204
0.437
0.166
0.481
0.237
0.264
0.51
0.976
0.705
0.715
0.775
0.406
0.761
0.891
0.065
0.239
0.243
0.422
0.621
0.611
0.273
0.147
0.434
0.891
0.579
0.667
0.091
0.479
0.048
0.285
0.276
0.468
0.745
0.961
0.942
0.062
0.635
0.025
0.804
0.257
0.765
0.525
0.882
0.395
0.677
0.392
0.649
0.2
0.64
0.076
0.324
0.801
0.896
0.982
0.433
0.983
0.098
0.862
0.831
0.219
0.779
0.772
0.741
0.957
0.65
0.034
0.117
0.273
0.378
0.012
0.013
0.164
0.597
0.043
0.765
0.381
0.352
0.522
0.842
0.858
0.477
0.836
0.612
0.453
0.318
0.073
0.628
0.541
0.063
0.946
0.328
0.572
0.218
0.829
0.433
0.053
0.201
0.554
0.693
0.22
0.96
0.264
0.039
0.77
0.438
0.827
0.708
0.652
0.134
0.014
0.659
0.916
0.751
0.943
0.935
0.562
0.981
0.369
0.822
0.447
0.565
0.525
0.77
0.716
0.046
0.247
0.843
0.29
0.833
0.075
0.537
0.571
0.649
0.696
0.106
0.027
0.349
0.206
0.146
0.414
0.92
0.764
0.535
0.673
0.284
0.164
0.678
0.962
0.923
0.005
0.063
0.219
0.76
0.608
0.039
0.88
0.385
0.78
0.546
0.498
0.699
0.295
0.238
0.88
0.167
0.093
0.008
0.116
0.775
0.485
0.84
0.44
0.107
0.772
0.42
0.148
0.328
0.867
0.29
0.204
0.298
0.414
0.968
0.528
0.315
0.205
0.791
0.868
0.633
0.721
0.975
0.098
0.427
0.043
0.265
0.74
0.664
0.205
0.436
0.329
0.81
0.498
0.15
0.131
0.846
0.627
0.812
0.31
0.102
0.238
0.519
0.109
0.506
0.304
0.004
0.043
0.824
0.804
0.69
0.338
0.631
0.081
0.704
0.285
0.87
0.257
0.161
0.467
0.776
0.232
0.58
0.451
0.884
0.924
0.06
0.246
0.807
0.71
0.865
0.729
0.187
0.228
0.472
0.478
0.928
0.995
0.052
0.297
0.631
0.71
0.726
0.431
0.352
0.422
0.266
0.179
0.277
0.293
0.715
0.784
0.954
0.637
0.396
0.485
0.198
0.749
0.842
0.319
0.473
0.608
0.881
0.349
0.97
0.337
0.399
0.803
0.41
0.614
0.438
0.386
0.604
0.142
0.622
0.503
0.595
0.419
0.714
0.548
0.015
0.434
0.213
0.554
0.409
0.403
0.76
0.559
0.055
0.973
0.808
0.012
0.045
0.89
0.454
0.746
0.508
0.074
0.106
0.892
0.19
0.167
0.093
0.582
0.118
0.398
0.593
0.475
0.963
0.02
0.667
0.632
0.717
0.917
0.651
0.482
0.182
0.34
0.58
0.775
0.358
0.201
0.226
0.327
0.724
0.082
0.919
0.676
0.43
0.801
0.252
0.764
0.141
0.538
0.97
0.622
0.623
0.835
0.412
0.751
0.112
0.369
0.705
0.007
0.797
0.282
0.345
0.487
0.066
0.865
0.121
0.168
0.297
0.933
0.981
0.525
0.345
0.184
0.177
0.157
0.998
0.615
0.779
0.731
0.357
0.972
0.021
0.939
0.341
0.262
0.924
0.273
0.683
0.376
0.049
0.925
0.987
0.939
0.036
0.393
0.1
0.168
0.138
0.193
0.19
0.193
0.044
0.019
0.997
0.955
0.792
0.915
0.222
0.368
0.093
0.253
0.586
0.294
0.428
0.966
0.491
0.866
0.868
0.49
0.509
0.369
0.094
0.762
0.939
0.144
0.407
0.441
0.994
0.566
0.633
0.85
0.027
0.419
0.147
0.412
0.199
0.11
0.979
0.273
0.496
0.835
0.728
0.174
0.262
0.377
0.551
0.549
0.454
0.976
0.273
0.232
0.731
0.057
0.104
0.301
0.973
0.288
0.31
0.204
0.547
0.355
0.751
0.716
0.134
0.573
0.719
0.961
0.273
0.342
0.189
0.629
0.035
0.019
0.831
0.622
0.945
0.755
0.276
0.893
0.453
0.342
0.304
0.133
0.441
0.23
0.085
0.992
0.537
0.253
0.274
0.617
0.65
0.675
0.063
0.35
0.13
0.354
0.452
0.556
0.045
0.437
0.419
0.607
0.95
0.881
0.862
0.174
0.822
0.811
0.96
0.811
0.602
0.494
0.452
0.477
0.898
0.442
0.209
0.665
0.682
0.133
0.726
0.743
0.143
0.204
0.044
0.019
0.613
0.568
0.851
0.741
0.483
0.158
0.758
0.484
0.067
0.266
0.278
0.133
0.666
0.982
0.209
0.52
0.177
0.553
0.663
0.367
0.462
0.745
0.299
0.284
0.44
0.559
0.341
0.663
0.736
0.762
0.749
0.473
0.007
0.262
0.215
0.893
0.114
0.176
0.783
0.658
0.275
0.143
0.242
0.647
0.912
0.57
0.48
0.885
0.076
0.195
0.936
0.528
0.874
0.598
0.274
0.228
0.838
0.914
0.874
0.877
0.763
0.177
0.643
0.586
0.538
0.267
0.81
0.897
0.766
0.179
0.302
0.889
0.704
0.331
0.333
0.234
0.485
0.224
0.353
0.783
0.415
0.099
0.721
0.446
0.355
0.018
0.328
0.042
0.553
0.356
0.331
0.8
0.062
0.509
0.043
0.303
0.732
0.935
0.551
0.513
0.694
0.674
0.287
0.442
0.255
0.55
0.696
0.48
0.618
0.032
0.748
0.895
0.664
0.491
0.992
0.61
0.808
0.483
0.832
0.843
0.478
0.43
0.128
0.885
0.272
0.434
0.554
0.554
0.861
0.769
0.658
0.727
0.555
0.985
0.379
0.14
0.648
0.714
0.281
0.572
0.605
0.588
0.622
0.252
0.299
0.357
0.511
0.944
0.13
0.149
0.514
0.559
0.512
0.906
0.114
0.653
0.748
0.993
0.267
0.121
0.513
0.709
0.847
0.611
0.736
0.089
0.531
0.274
0.694
0.336
0.12
0.645
0.072
0.212
0.397
0.315
0.849
0.308
0.993
0.23
0.49
0.666
0.648
0.07
0.336
0.791
0.976
0.853
0.803
0.68
0.125
0.281
0.958
0.344
0.184
0.534
0.761
0.675
0.051
0.042
0.107
0.194
0.161
0.033
0.885
0.291
0.89
0.751
0.402
0.815
0.048
0.622
0.55
0.623
0.919
0.441
0.374
0.14
0.624
0.094
0.884
0.118
0.837
0.983
0.6
0.186
0.645
0.292
0.626
0.68
0.962
0.457
0.497
0.617
0.287
0.356
0.457
0.306
0.494
0.519
0.444
0.659
0.322
0.519
0.981
0.219
0.166
0.569
0.572
0.581
0.748
0.634
0.924
0.528
0.016
0.741
0.068
0.776
0.129
0.752
0.129
0.273
0.231
0.561
0.054
0.761
0.783
0.983
0.152
0.806
0.898
0.811
0.346
0.342
0.653
0.738
0.918
0.751
0.149
0.299
0.272
0.027
0.499
0.175
0.442
0.72
0.149
0.335
0.729
0.361
0.278
0.185
0.367
0.949
0.149
0.993
0.559
0.147
0.149
0.125
0.148
0.102
0.828
0.394
0.968
0.19
0.272
0.581
0.669
0.162
0.696
0.669
0.176
0.814
0.333
0.356
0.917
0.8
0.54
0.083
0.738
0.595
0.926
0.641
0.632
0.861
0.8
0.116
0.168
0.409
0.308
0.366
0.216
0.858
0.597
0.217
0.607
0.74
0.726
0.019
0.289
0.239
0.736
0.62
0.513
0.658
0.628
0.955
0.621
0.001
0.639
0.945
0.712
0.626
0.404
0.862
0.393
0.789
0.306
0.288
0.204
0.228
0.963
0.344
0.882
0.676
0.344
0.762
0.56
0.275
0.827
0.92
0.337
0.169
0.922
0.435
0.209
0.915
0.388
0.297
0.539
0.625
0.741
0.927
0.972
0.622
0.773
0.691
0.459
0.717
0.001
0.16
0.251
0.152
0.757
0.935
0.39
0.706
0.712
0.851
0.282
0.237
0.658
0.496
0.613
0.381
0.728
0.783
0.107
0.999
0.2
0.483
0.107
0.77
0.576
0.756
0.999
0.112
0.017
0.823
0.364
0.535
0.753
0.703
0.474
0.665
0.005
0.813
0.093
0.706
0.079
0.948
0.203
0.173
0.479
0.861
0.573
0.793
0.181
0.792
0.944
0.673
0.996
0.08
0.084
0.044
0.779
0.68
0.774
0.623
0.517
0.314
0.58
0.799
0.368
0.647
0.994
0.578
0.183
0.549
0.756
0.013
0.073
0.087
0.078
0.897
0.57
0.003
0.211
0.247
0.629
0.327
0.208
0.579
0.892
0.139
0.556
0.524
0.132
0.769
0.116
0.405
0.717
0.261
0.799
0.021
0.084
0.889
0.471
0.023
0.28
0.733
0.883
0.717
0.986
0.722
0.305
0.048
0.175
0.012
0.177
0.997
0.316
0.168
0.849
0.39
0.633
0.817
0.835
0.336
0.925
0.341
0.03
0.5
0.312
0.79
0.1
0.323
0.11
0.191
0.22
0.6
0.991
0.45
0.215
0.69
0.727
0.096
0.994
0.18
0.928
0.85
0.365
0.138
0.694
0.075
0.945
0.598
0.02
0.42
0.637
0.551
0.399
0.185
0.516
0.121
0.251
0.744
0.722
0.78
0.139
0.179
0.679
0.058
0.367
0.426
0.964
0.459
0.694
0.351
0.89
0.54
0.433
0.129
0.767
0.796
0.736
0.202
0.103
0.958
0.475
0.195
0.17
0.552
0.482
0.529
0.613
0.235
0.621
0.445
0.294
0.482
0.979
0.368
0.707
0.657
0.848
0.953
0.602
0.195
0.891
0.507
0.134
0.226
0.603
0.946
0.343
0.862
0.872
0.679
0.587
0.32
0.385
0.017
0.885
0.967
0.615
0.314
0.486
0.824
0.651
0.107
0.786
0.094
0.488
0.067
0.652
0.357
0.394
0.276
0.183
0.632
0.893
0.11
0.396
0.027
0.812
0.481
0.186
0.727
0.911
0.415
0.59
0.332
0.703
0.93
0.986
0.854
0.577
0.584
0.785
0.873
0.003
0.785
0.915
0.793
0.04
0.671
0.931
0.803
0.997
0.43
0.633
0.143
0.894
0.326
0.121
0.133
0.467
0.392
0.026
0.608
0.481
0.29
0.343
0.739
0.063
0.306
0.906
0.136
0.018
0.901
0.111
0.267
0.168
0.993
0.57
0.058
0.57
0.359
0.259
0.382
0.087
0.597
0.183
0.661
0.703
0.975
0.4
0.005
0.352
0.459
0.197
0.116
0.99
0.079
0.613
0.048
0.341
0.006
0.158
0.319
0.259
0.695
0.688
0.14
0.059
0.198
0.697
0.895
0.744
0.651
0.412
0.175
0.211
0.472
0.938
0.155
0.785
0.586
0.64
0.103
0.749
0.777
0.485
0.674
0.935
0.373
0.969
0.123
0.366
0.963
