0.615
0.262
0.748
0.026
0.689
0.324
0.84
0.735
0.308
0.662
0.348
0.681
0.246
0.732
0.404
0.368
0.781
0.246
0.463
0.978
0.345
0.179
0.807
0.209
0.415
0.354
0.888
0.74
0.052
0.061
0.396
0.497
0.943
0.911
0.544
0.739
0.17
0.102
0.025
0.552
0.614
0.649
0.254
0.79
0.204
0.227
0.917
0.382
0.5
0.965
0.582
0.626
0.707
0.992
0.121
0.713
0.878
0.533
0.091
0.001
0.675
0.992
0.275
0.057
0.599
0.151
0.601
0.696
0.534
0.672
0.926
0.791
0.071
0.582
0.823
0.203
0.229
0.086
0.092
0.807
0.875
0.469
0.533
0.304
0.809
0.269
0.363
0.973
0.764
0.755
0.719
0.077
0.211
0.267
0.356
0.924
0.437
0.164
0.315
0.523
0.064
0.743
0.788
0.044
0.539
0.425
0.808
0.477
0.061
0.638
0.388
0.111
0.526
0.918
0.02
0.981
0.331
0.413
0.966
0.534
0.891
0.066
0.907
0.498
0.532
0.876
0.171
0.481
0.67
0.231
0.413
0.037
0.911
0.36
0.205
0.207
0.127
0.628
0.165
0.097
0.375
0.168
0.444
0.297
0.764
0.984
0.136
0.411
0.132
0.381
0.565
0.348
0.335
0.933
0.21
0.639
0.959
0.322
0.987
0.84
0.986
0.676
0.456
0.445
0.817
0.926
0.219
0.255
0.836
0.361
0.117
0.678
0.114
0.311
0.122
0.482
0.581
0.916
0.764
0.885
0.189
0.16
0.589
0.744
0.115
0.719
0.222
0.206
0.67
0.783
0.476
0.657
0.826
0.849
0.704
0.172
0.853
0.86
0.512
0.549
0.314
0.468
0.849
0.729
0.073
0.43
0.257
0.571
0.065
0.7
0.939
0.912
0.957
0.624
0.321
0.303
0.554
0.852
0.245
0.934
0.169
0.344
0.631
0.22
0.195
0.309
0.095
0.633
0.186
0.992
0.806
0.054
0.948
0.705
0.148
0.492
0.747
0.084
0.825
0.908
0.875
0.863
0.822
0.143
0.198
0.589
0.291
0.116
0.629
0.554
0.381
0.098
0.793
0.464
0.173
0.948
0.114
0.72
0.994
0.264
0.164
0.212
0.258
0.177
0.53
0.644
0.248
0.273
0.587
0.355
0.976
0.745
0.218
0.593
0.245
0.76
0.724
0.63
0.513
0.928
0.647
0.041
0.015
0.466
0.361
0.67
0.754
0.608
0.543
0.361
0.619
0.078
0.679
0.338
0.876
0.141
0.162
0.69
0.177
0.418
0.816
0.318
0.133
0.355
0.397
0.913
0.915
0.285
0.805
0.751
0.202
0.88
0.122
0.312
0.874
0.755
0.738
0.279
0.378
0.202
0.073
0.717
0.719
0.62
0.5
0.497
0.719
0.534
0.367
0.222
0.263
0.867
0.777
0.723
0.782
0.404
0.218
0.007
0.872
0.759
0.879
0.008
0.715
0.822
0.651
0.42
0.714
0.413
0.967
0.974
0.509
0.767
0.916
0.702
0.0
0.927
0.547
0.155
0.843
0.654
0.027
0.89
0.856
0.458
0.753
0.227
0.04
0.26
0.312
0.897
0.424
0.382
0.457
0.948
0.239
0.706
0.523
0.237
0.941
0.454
0.733
0.947
0.2
0.144
0.774
0.162
0.506
0.695
0.574
0.163
0.97
0.314
0.173
0.939
0.469
0.079
0.409
0.187
0.389
0.699
0.023
0.399
0.028
0.822
0.979
0.803
0.522
0.337
0.492
0.501
0.029
0.89
0.504
0.159
0.397
0.13
0.519
0.927
0.497
0.538
0.085
0.952
0.177
0.706
0.587
0.678
0.272
0.685
0.244
0.997
0.979
0.085
0.831
0.909
0.538
0.995
0.474
0.943
0.757
0.036
0.863
0.841
0.99
0.576
0.262
0.379
0.139
0.353
0.749
0.481
0.69
0.936
0.562
0.548
0.517
0.522
0.67
0.402
0.896
0.225
0.717
0.805
0.226
0.54
0.341
0.362
0.083
0.753
0.019
0.531
0.903
0.401
0.295
0.949
0.773
0.734
0.445
0.052
0.502
0.681
0.705
0.553
0.57
0.513
0.17
0.371
0.442
0.975
0.876
0.544
0.412
0.346
0.845
0.493
0.087
0.519
0.16
0.555
0.222
0.27
0.195
0.867
0.977
0.253
0.616
0.979
0.836
0.957
0.956
0.482
0.637
0.999
0.234
0.602
0.881
0.556
0.628
0.438
0.44
0.543
0.058
0.032
0.561
0.687
0.631
0.55
0.438
0.736
0.922
0.544
0.645
0.128
0.919
0.931
0.859
0.497
0.879
0.908
0.887
0.845
0.384
0.041
0.412
0.337
0.898
0.624
0.698
0.847
0.563
0.024
0.309
0.335
0.279
0.568
0.541
0.676
0.251
0.545
0.116
0.548
0.227
0.731
0.124
0.778
0.285
0.272
0.876
0.069
0.757
0.396
0.684
0.397
0.126
0.507
0.42
0.985
0.6
0.994
0.802
0.85
0.135
0.121
0.175
0.812
0.533
0.711
0.614
0.654
0.789
0.615
0.167
0.592
0.457
0.535
0.128
0.282
0.286
0.218
0.054
0.733
0.489
0.543
0.111
0.241
0.32
0.905
0.143
0.789
0.742
0.223
0.005
0.93
0.777
0.29
0.497
0.741
0.438
0.797
0.087
0.516
0.735
0.481
0.883
0.896
0.897
0.619
0.406
0.311
0.225
0.423
0.87
0.942
0.335
0.923
0.264
0.193
0.79
0.278
0.85
0.442
0.334
0.321
0.884
0.315
0.137
0.621
0.083
0.429
0.673
0.44
0.878
0.416
0.731
0.761
0.989
0.387
0.982
0.447
0.513
0.452
0.846
0.508
0.644
0.339
0.088
0.014
0.391
0.498
0.543
0.618
0.446
0.781
0.54
0.992
0.801
0.768
0.179
0.861
0.707
0.804
0.283
0.416
0.94
0.484
0.757
0.622
0.406
0.695
0.431
0.568
0.32
0.744
0.478
0.824
0.558
0.608
0.445
0.982
0.675
0.502
0.714
0.461
0.413
0.116
0.58
0.506
0.493
0.054
0.716
0.439
0.68
0.377
0.226
0.903
0.856
0.632
0.35
0.453
0.789
0.38
0.099
0.25
0.464
0.592
0.744
0.064
0.82
0.626
0.713
0.059
0.549
0.37
0.589
0.251
0.535
0.713
0.489
0.18
0.155
0.574
0.094
0.83
0.773
0.269
0.91
0.684
0.761
0.912
0.541
0.891
0.196
0.71
0.672
0.921
0.081
0.979
0.222
0.702
0.993
0.078
0.811
0.582
0.541
0.902
0.106
0.169
0.416
0.612
0.314
0.636
0.548
0.465
0.056
0.809
0.234
0.618
0.201
0.418
0.993
0.207
0.841
0.169
0.581
0.442
0.197
0.58
0.573
0.333
0.621
0.723
0.943
0.921
0.783
0.006
0.143
0.371
0.106
0.714
0.812
0.753
0.487
0.402
0.868
0.673
0.032
0.863
0.247
0.466
0.243
0.272
0.938
0.859
0.373
0.065
0.066
0.847
0.944
0.458
0.354
0.818
0.526
0.582
0.951
0.557
0.05
0.165
0.547
0.378
0.172
0.739
0.809
0.27
0.874
0.784
0.149
0.284
0.603
0.729
0.328
0.322
0.024
0.21
0.557
0.977
0.407
0.896
0.836
0.918
0.006
0.528
0.642
0.752
0.376
0.422
0.451
0.79
0.718
0.163
0.252
0.321
0.216
0.189
0.973
0.407
0.174
0.838
0.284
0.332
0.778
0.27
0.805
0.199
0.048
0.673
0.798
0.89
0.119
0.649
0.926
0.86
0.28
0.294
0.864
0.789
0.803
0.3
0.646
0.352
0.277
0.203
0.856
0.763
0.798
0.398
0.223
0.284
0.297
0.867
0.265
0.989
0.5
0.064
0.87
0.135
0.113
0.106
0.778
0.844
0.981
0.583
0.854
0.961
0.543
0.261
0.752
0.111
0.594
0.409
0.128
0.325
0.893
0.41
0.518
0.209
0.537
0.805
0.326
0.472
0.722
0.013
0.881
0.202
0.173
0.909
0.452
0.834
0.822
0.524
0.046
0.53
0.762
0.202
0.214
0.779
0.618
0.388
0.574
0.107
0.083
0.139
0.669
0.145
0.933
0.554
0.92
0.614
0.887
0.292
0.725
0.622
0.233
0.871
0.866
0.098
0.736
0.926
0.628
0.658
0.651
0.395
0.77
0.1
0.403
0.652
0.652
0.432
0.103
0.312
0.547
0.699
0.725
0.195
0.044
0.343
0.274
0.903
0.287
0.525
0.659
0.469
0.007
0.004
0.687
0.559
0.092
0.319
0.027
0.971
0.596
0.341
0.447
0.116
0.413
0.658
0.483
0.395
0.896
0.253
0.279
0.523
0.164
0.892
0.164
0.817
0.639
0.643
0.973
0.811
0.621
0.589
0.85
0.776
0.609
0.208
0.114
0.153
0.236
0.982
0.547
0.814
0.895
0.595
0.367
0.433
0.611
0.895
0.904
0.682
0.579
0.952
0.245
0.188
0.164
0.453
0.55
0.16
0.01
0.806
0.751
0.489
0.477
0.284
0.208
0.013
0.705
0.013
0.295
0.41
0.01
0.741
0.257
0.851
0.875
0.992
0.656
0.389
0.59
0.134
0.609
0.962
0.634
0.614
0.498
0.127
0.408
0.447
0.575
0.921
0.962
0.064
0.997
0.184
0.377
0.415
0.452
0.79
0.666
0.29
0.024
0.378
0.568
0.206
0.413
0.017
0.991
0.147
0.923
0.293
0.336
0.366
0.909
0.674
0.598
0.56
0.782
0.547
0.453
0.756
0.814
0.952
0.738
0.038
0.468
0.284
0.623
0.452
0.238
0.532
0.265
0.488
0.109
0.633
0.713
0.336
0.849
0.433
0.458
0.318
0.715
0.465
0.01
0.721
0.156
0.413
0.087
0.628
0.106
0.874
0.237
0.43
0.367
0.117
0.462
0.976
0.314
0.86
0.424
0.306
0.002
0.848
0.438
0.691
0.997
0.164
0.612
0.497
0.486
0.651
0.7
0.269
0.279
0.282
0.763
0.885
0.624
0.772
0.866
0.593
0.872
0.923
0.515
0.829
0.246
0.203
0.78
0.395
0.6
0.04
0.938
0.372
0.306
0.672
0.26
0.649
0.763
0.242
0.699
0.213
0.221
0.415
0.242
0.394
0.696
0.18
0.98
0.993
0.143
0.501
0.992
0.183
0.742
0.996
0.487
0.535
0.762
0.261
0.73
0.719
0.06
0.513
0.316
0.183
0.262
0.115
0.867
0.058
0.324
0.502
0.317
0.866
0.468
0.268
0.887
0.115
0.162
0.147
0.24
0.682
0.577
0.693
0.473
0.878
0.036
0.967
0.017
0.902
0.591
0.237
0.786
0.833
0.494
0.823
0.803
0.399
0.339
0.949
0.307
0.527
0.634
0.918
0.734
0.887
0.731
0.329
0.669
0.255
0.703
0.723
0.255
0.417
0.175
0.807
0.418
0.818
0.099
0.925
0.087
0.801
0.694
0.278
0.307
0.292
0.874
0.566
0.817
0.309
0.821
0.437
0.266
0.739
0.437
0.556
0.763
0.459
0.593
0.353
0.133
0.703
0.446
0.583
0.015
0.621
0.096
0.796
0.003
0.374
0.529
0.063
0.798
0.152
0.86
0.023
0.211
0.43
0.638
0.765
0.095
0.487
0.549
0.152
0.884
0.693
0.514
0.137
0.044
0.632
0.192
0.763
0.366
0.059
0.811
0.579
0.512
0.891
0.44
0.539
0.095
0.263
0.781
0.857
0.491
0.026
0.336
0.819
0.477
0.276
0.326
0.563
0.249
0.703
0.86
0.322
0.302
0.849
0.661
0.359
0.778
0.54
0.55
0.167
0.838
0.171
0.994
0.234
0.635
0.387
0.161
0.489
0.673
0.218
0.975
0.813
0.901
0.497
0.122
0.301
0.47
0.26
0.987
0.729
0.399
0.854
0.023
0.431
0.054
0.176
0.749
0.288
0.48
0.863
0.929
0.857
0.516
0.949
0.267
0.961
0.814
0.948
0.984
0.019
0.931
0.512
0.391
0.165
0.24
0.693
0.158
0.172
0.58
0.267
0.757
0.185
0.03
0.104
0.472
0.892
0.215
0.918
0.91
0.914
0.935
0.624
0.724
0.604
0.52
0.097
0.482
0.672
0.736
0.037
0.844
0.143
0.029
0.634
0.19
0.547
0.112
0.896
0.235
0.267
0.906
0.093
0.282
0.942
0.004
0.951
0.648
0.934
0.998
0.634
0.739
0.683
0.35
0.187
0.866
0.004
0.691
0.603
0.039
0.681
0.756
0.49
0.216
0.96
0.114
0.144
0.103
0.589
0.144
0.814
0.894
0.301
0.327
0.508
0.248
0.71
0.602
0.663
0.537
0.195
0.719
0.72
0.396
0.076
0.528
0.891
0.692
0.415
0.004
0.596
0.135
0.344
0.633
0.281
0.84
0.423
0.805
0.312
0.121
0.82
0.117
0.628
0.043
0.938
0.882
0.19
0.227
0.387
0.22
0.382
0.76
0.662
0.083
0.823
0.671
0.65
0.96
0.236
0.672
0.454
0.094
0.417
0.363
0.441
0.082
0.065
0.816
0.747
0.491
0.075
0.161
0.779
0.5
0.916
0.567
0.419
0.554
0.406
0.414
0.419
0.729
0.351
0.799
0.19
0.752
0.609
0.161
0.029
0.642
0.14
0.863
0.938
0.095
0.885
0.145
0.08
0.739
0.18
0.337
0.64
0.008
0.699
0.729
0.899
0.565
0.305
0.778
0.716
0.876
0.303
0.196
0.136
0.615
0.002
0.08
0.87
0.088
0.424
0.476
0.101
0.044
0.097
0.95
0.824
0.06
0.69
0.049
0.726
0.457
0.485
0.917
0.093
0.762
0.823
0.856
0.846
0.201
0.074
0.01
0.749
0.565
0.433
0.502
0.626
0.389
0.222
0.389
0.229
0.022
0.846
0.017
0.919
0.728
0.692
0.978
0.306
0.341
0.292
0.151
0.444
0.716
0.871
0.098
0.949
0.203
0.358
0.701
0.704
0.946
0.152
0.299
0.209
0.043
0.537
0.454
0.251
0.827
0.649
0.186
1.0
0.392
0.76
0.249
0.551
0.169
0.948
0.931
0.84
0.997
0.909
0.014
0.319
0.681
0.673
0.616
0.811
0.081
0.347
0.392
0.146
0.473
0.931
0.315
0.097
0.403
0.421
0.084
0.128
0.328
0.529
0.948
0.504
0.25
0.742
0.097
0.442
0.546
0.235
0.551
0.008
0.662
0.217
0.819
0.272
0.723
0.436
0.326
0.5
0.014
0.816
0.906
0.657
0.528
0.807
0.909
0.949
0.225
0.415
0.02
0.288
0.437
0.876
0.694
0.295
0.396
0.338
0.61
0.156
0.52
0.507
0.507
0.348
0.493
0.095
0.203
0.706
0.321
0.101
0.677
0.172
0.949
0.471
0.633
0.751
0.303
0.757
0.836
0.498
0.853
0.907
0.02
0.218
0.431
0.512
0.878
0.911
0.333
0.529
0.822
0.791
0.36
0.324
0.053
0.166
0.808
0.25
0.774
0.54
0.113
0.354
0.667
0.944
0.3
0.948
0.254
0.498
0.043
0.239
0.538
0.807
0.322
0.5
0.131
0.497
0.886
0.169
0.74
0.952
0.044
0.272
0.094
0.297
0.928
0.662
0.851
0.287
0.915
0.001
0.024
0.242
0.332
0.595
0.298
0.733
0.268
0.924
0.168
0.707
0.434
0.18
0.471
0.887
0.744
0.398
0.788
0.126
0.449
0.434
0.785
0.789
0.805
0.574
0.958
0.624
0.308
0.602
0.173
0.793
0.277
0.051
0.461
0.679
0.726
0.828
0.129
0.329
0.867
0.736
0.936
0.022
0.809
0.902
0.576
0.119
0.572
0.336
0.296
0.125
0.597
0.558
0.97
0.052
0.148
0.225
0.537
0.8
0.661
0.108
0.502
0.775
0.342
0.613
0.247
0.495
0.3
0.735
0.225
0.259
0.787
0.519
0.442
0.254
0.418
0.663
0.046
0.565
0.222
0.482
0.188
0.528
0.993
0.825
0.123
0.068
0.56
0.074
0.789
0.913
0.904
0.525
0.642
0.219
0.412
0.743
0.896
0.944
0.578
0.704
0.09
0.996
0.204
0.789
0.284
0.769
0.446
0.31
0.645
0.518
0.129
0.839
0.079
0.617
0.4
0.207
0.494
0.232
0.017
0.095
0.902
0.468
0.486
0.468
0.252
0.47
0.818
0.506
0.234
0.88
0.206
0.432
0.027
0.242
0.775
0.586
0.106
0.76
0.703
0.426
0.195
0.777
0.342
0.187
0.229
0.184
0.46
0.836
0.114
0.675
0.688
0.987
0.576
0.323
0.046
0.036
0.18
0.617
0.062
0.438
0.502
0.801
0.331
0.975
0.675
0.874
0.469
0.06
0.297
0.516
0.144
0.9
0.173
0.337
0.054
0.959
0.478
0.412
0.765
0.947
0.523
0.46
0.531
0.043
0.329
0.714
0.581
0.756
0.143
0.331
0.11
0.669
0.721
0.74
0.262
0.926
0.671
0.203
0.082
0.498
0.304
0.899
0.036
0.718
0.578
0.904
0.88
0.161
0.837
0.86
0.672
0.324
0.46
0.771
0.03
0.507
0.97
0.006
0.099
0.356
0.902
0.857
0.155
0.323
0.371
0.057
0.331
0.419
0.804
0.003
0.149
0.329
0.138
0.368
0.375
0.906
0.493
0.78
0.088
0.217
0.894
0.022
0.507
0.225
0.478
0.588
0.984
0.009
0.797
0.957
0.265
0.653
0.325
0.37
0.742
0.527
0.957
0.751
0.766
0.443
0.374
0.314
0.997
0.08
0.753
0.485
0.748
0.795
0.664
0.985
0.799
0.824
0.667
0.759
0.453
0.763
0.27
0.479
0.076
0.804
0.201
0.361
0.086
0.877
0.36
0.785
0.202
0.317
0.564
0.883
0.561
0.209
0.117
0.021
0.197
0.659
0.296
0.6
0.004
0.055
0.743
0.344
0.759
0.195
0.41
0.694
0.424
0.156
0.734
0.277
0.973
0.34
0.394
0.791
0.942
0.407
0.251
0.186
0.98
0.585
0.784
0.699
0.422
0.927
0.607
0.253
0.9
0.716
0.534
0.547
0.229
0.279
0.49
0.61
0.836
0.033
0.571
0.322
0.994
0.861
0.298
0.863
0.229
0.258
0.544
0.671
0.848
0.658
0.115
0.72
0.991
0.188
0.929
0.672
0.638
0.169
0.747
0.555
0.223
0.166
0.517
0.921
0.09
0.727
0.925
0.12
0.098
0.872
0.162
0.902
0.338
0.293
0.115
0.319
0.988
0.204
0.761
0.87
0.535
0.973
0.281
0.114
0.895
0.216
0.086
0.175
0.485
0.651
0.446
0.961
0.045
0.012
0.558
0.96
0.403
0.533
0.593
0.452
0.18
0.256
0.333
0.811
0.519
0.614
0.448
0.252
0.213
0.434
0.512
0.262
0.39
0.387
0.412
0.61
0.923
0.657
0.095
0.253
0.991
0.384
0.401
0.528
0.873
0.341
0.915
0.012
0.596
0.86
0.094
0.658
0.692
0.901
0.055
0.157
0.664
0.175
0.635
0.054
0.126
0.1
0.546
0.049
0.027
0.769
0.652
0.342
0.303
0.531
0.486
0.963
0.748
0.027
0.832
0.015
0.559
0.595
0.851
0.52
0.855
0.206
0.188
0.024
0.848
0.653
0.653
0.769
0.59
0.108
0.008
0.046
0.136
0.896
0.315
0.96
0.671
0.337
0.899
0.068
0.385
0.418
0.124
0.732
0.524
0.703
0.972
0.338
0.78
0.81
0.456
0.293
0.735
0.449
0.946
0.188
0.642
0.446
0.272
0.114
0.624
0.396
0.386
0.277
0.427
0.913
0.297
0.613
0.47
0.069
0.737
0.067
0.807
0.34
0.241
0.606
0.631
0.563
0.251
0.608
0.588
0.169
0.603
0.544
0.937
0.594
0.74
0.393
0.872
0.091
0.852
0.354
0.073
0.561
0.552
0.202
0.967
0.877
0.162
0.383
0.999
0.855
0.657
0.822
0.263
0.813
0.595
0.375
0.094
0.135
0.387
0.877
0.703
0.228
0.818
0.533
0.387
0.502
0.836
0.661
0.127
0.255
0.312
0.003
0.612
0.691
0.816
0.975
0.061
0.927
0.318
0.068
0.673
0.379
0.363
0.505
0.71
0.02
0.236
0.75
0.559
0.475
0.919
0.786
0.237
0.245
0.37
0.88
0.175
0.112
0.212
0.403
0.655
0.129
0.226
0.568
0.097
0.376
0.905
0.842
0.133
0.144
0.842
0.805
0.61
0.494
0.905
0.888
0.005
0.837
0.215
0.713
0.269
0.202
0.089
0.548
0.161
0.85
0.938
0.947
0.404
0.212
0.12
0.067
0.665
0.553
0.599
0.82
0.028
0.395
0.435
0.491
0.333
0.207
0.158
0.442
0.192
0.872
0.873
0.157
0.472
0.576
0.16
0.292
0.633
0.73
0.544
0.515
0.044
0.557
0.596
0.688
0.396
0.175
0.042
0.858
0.432
0.898
0.771
0.506
0.036
0.737
0.41
0.35
0.21
0.28
0.024
0.258
0.685
0.352
0.555
0.763
0.568
0.034
0.412
0.327
0.5
0.693
0.164
0.634
0.257
0.018
0.141
0.979
0.799
0.819
0.984
0.835
0.448
0.333
0.156
0.758
0.313
0.653
0.033
0.274
0.954
0.978
0.418
0.149
0.527
0.981
0.277
0.117
0.313
0.832
0.12
0.985
0.593
0.094
0.908
0.015
0.995
0.285
0.431
0.979
0.959
0.038
0.02
0.828
0.688
0.502
0.19
0.399
0.351
0.01
0.278
0.948
0.39
0.25
0.519
0.481
0.98
0.732
0.031
0.614
0.961
0.863
0.698
0.097
0.154
0.637
0.249
0.797
0.153
0.95
0.705
0.181
0.992
0.499
0.12
0.908
0.19
0.55
0.64
0.236
0.559
0.918
0.554
0.765
0.477
0.362
0.629
0.536
0.965
0.766
0.233
0.167
0.954
0.723
0.27
0.898
0.457
0.547
0.954
0.995
0.165
0.843
0.658
0.795
0.87
0.392
0.296
0.611
0.811
0.017
0.092
0.436
0.22
0.776
0.966
0.754
0.082
0.038
0.895
0.884
0.055
0.357
0.565
0.85
0.207
0.184
0.042
0.135
0.422
0.92
0.698
0.759
0.631
0.26
0.103
0.306
0.406
0.757
0.705
0.631
0.314
0.01
0.544
0.057
0.884
0.642
0.436
0.799
0.422
0.332
0.485
0.64
0.877
0.47
0.948
0.193
0.27
0.441
0.121
0.778
0.155
0.688
0.64
0.429
0.055
0.457
0.801
0.433
0.011
0.296
0.055
0.686
0.958
0.423
0.323
0.505
0.026
0.409
0.235
0.194
0.146
0.827
0.053
0.527
0.033
0.018
0.593
0.992
0.676
0.574
0.499
0.807
0.628
0.961
0.388
0.837
0.157
0.241
0.039
0.641
0.099
0.626
0.868
0.453
0.608
0.299
0.959
0.39
0.563
0.305
0.826
0.232
0.309
0.818
0.487
0.285
0.192
0.678
0.599
0.382
0.52
0.008
0.018
0.966
0.513
0.303
0.229
0.128
0.549
0.199
0.807
0.49
0.3
0.692
0.731
0.775
0.126
0.143
0.742
0.093
0.104
0.926
0.585
0.476
0.351
0.886
0.613
0.861
0.932
0.913
0.775
0.233
0.184
0.171
0.52
0.973
0.281
0.192
0.459
0.39
0.992
0.847
0.968
0.007
0.249
0.931
0.88
0.898
0.787
0.609
0.05
0.352
0.06
0.379
0.588
0.262
0.335
0.594
0.9
0.018
0.453
0.309
0.706
0.875
0.412
0.491
0.368
0.819
0.119
0.777
0.917
0.762
0.528
0.683
0.536
0.944
0.942
0.594
0.282
0.356
0.276
0.532
0.077
0.065
0.634
0.061
0.436
0.408
0.261
0.179
0.425
0.455
0.665
0.952
0.455
0.135
0.864
0.884
0.944
0.912
0.121
0.869
0.978
0.468
0.211
0.94
0.423
0.796
0.779
0.511
0.327
0.687
0.967
0.122
0.396
0.268
0.542
0.043
0.08
0.136
0.926
0.85
0.314
0.397
0.358
0.861
0.703
0.481
0.025
0.405
0.968
0.861
0.561
0.099
0.334
0.854
0.975
0.29
0.166
0.431
0.207
0.794
0.264
0.902
0.23
0.34
0.662
0.307
0.652
0.187
0.173
0.311
0.396
0.451
0.604
0.233
0.488
0.359
0.037
0.915
0.142
0.211
0.086
0.275
0.206
0.024
0.697
0.564
0.115
0.024
0.378
0.704
0.919
0.653
0.89
0.086
0.729
0.161
0.913
0.746
0.087
0.863
0.976
0.98
0.776
0.604
0.135
0.526
0.201
0.605
0.574
0.463
0.781
0.945
0.232
0.869
0.017
0.882
0.963
0.362
0.943
0.374
0.738
0.743
0.766
0.386
0.6
0.458
0.631
0.664
0.01
0.566
0.482
0.086
0.19
0.094
0.537
0.092
0.185
0.968
0.694
0.052
0.051
0.324
0.28
0.636
0.108
0.968
0.124
0.812
0.157
0.638
0.509
0.311
0.144
0.408
0.822
0.395
0.786
0.596
0.861
0.007
0.739
0.098
0.831
0.421
0.438
0.517
0.448
0.163
0.956
0.169
0.162
0.212
0.969
0.988
0.094
0.04
0.532
0.611
0.378
0.982
0.028
0.111
0.303
0.1
0.379
0.55
0.925
0.428
0.452
0.135
0.533
0.23
0.069
0.243
0.637
0.202
0.527
0.755
0.466
0.61
0.407
0.982
0.808
0.731
0.207
0.204
0.979
0.277
0.34
0.956
0.59
0.484
0.68
0.299
0.532
0.946
0.979
0.84
0.526
0.968
0.173
0.13
0.053
0.026
0.994
0.113
0.039
0.952
0.342
0.118
0.246
0.609
0.706
0.775
0.724
0.563
0.126
0.662
0.252
0.288
0.328
0.856
0.538
0.682
0.221
0.27
0.425
0.521
0.28
0.225
0.286
0.878
0.731
0.514
0.868
0.833
0.341
0.178
0.513
0.091
0.024
0.667
0.707
0.441
0.606
0.514
0.518
0.707
0.346
0.92
0.643
0.675
0.384
0.261
0.159
0.211
0.341
0.778
0.448
0.422
0.309
0.164
0.739
0.919
0.962
0.185
0.395
0.925
0.917
0.559
0.273
0.732
0.722
0.444
0.012
0.015
0.574
0.432
0.253
0.167
0.004
0.21
0.24
0.076
0.531
0.306
0.538
0.424
0.039
0.335
0.951
0.105
0.45
0.886
0.264
0.995
0.424
0.816
0.356
0.935
0.588
0.41
0.892
0.534
0.163
0.089
0.886
0.176
0.264
0.866
0.867
0.602
0.275
0.64
0.35
0.756
0.31
0.729
0.539
0.797
0.389
0.885
0.717
0.138
0.202
0.906
0.854
0.399
0.884
0.999
0.635
0.639
0.499
0.858
0.948
0.458
0.357
0.611
0.172
0.75
0.862
0.921
0.953
0.584
0.9
0.127
0.868
0.059
0.389
0.97
0.527
0.092
0.638
0.658
0.471
0.823
0.185
0.822
0.545
0.373
0.138
0.122
0.999
0.579
0.626
0.622
0.58
0.28
0.782
0.137
0.479
0.526
0.792
0.608
0.111
0.348
0.127
0.958
0.593
0.133
0.438
0.691
0.673
0.165
0.065
0.431
0.324
0.212
0.46
0.411
0.265
0.156
0.879
0.654
0.33
0.126
0.585
0.971
0.376
0.144
0.676
0.288
0.573
0.941
0.304
0.655
0.997
0.942
0.913
0.713
0.678
0.233
0.048
0.738
0.186
0.678
0.394
0.939
0.338
0.592
0.427
0.677
0.619
0.9
0.98
0.002
0.277
0.923
0.735
0.799
0.504
0.264
0.896
0.207
0.154
0.391
0.084
0.86
0.717
0.339
0.91
0.36
0.613
0.313
0.775
0.786
0.761
0.057
0.494
0.062
0.168
0.981
0.993
0.276
0.375
0.72
0.958
0.817
0.574
0.583
0.365
0.58
0.243
0.492
0.26
0.16
0.435
0.823
0.593
0.204
0.612
0.622
0.17
0.005
0.266
0.062
0.677
0.277
0.031
0.494
0.914
0.603
0.128
0.093
0.289
0.793
0.957
0.481
0.223
0.023
0.98
0.687
0.104
0.28
0.852
0.671
0.91
0.22
0.143
0.11
0.014
0.033
0.157
0.722
0.705
0.984
0.671
0.396
0.532
0.27
0.029
0.035
0.971
0.195
0.226
0.172
0.869
0.823
0.813
0.229
0.08
0.965
0.991
0.454
0.183
0.998
0.869
0.398
0.767
0.456
0.783
0.956
0.466
0.027
0.76
0.354
0.825
0.104
0.362
0.291
0.568
0.561
0.148
0.84
0.097
0.206
0.64
0.356
0.402
0.723
0.596
0.793
0.666
0.193
0.552
0.167
0.945
0.094
0.92
0.566
0.749
0.522
0.825
0.719
0.626
0.514
0.124
0.695
0.123
0.321
0.507
0.189
0.413
0.896
0.87
0.185
0.307
0.793
0.179
0.232
0.009
0.254
0.07
0.107
0.42
0.349
0.044
0.736
0.508
0.51
0.408
0.272
0.065
0.976
0.601
0.004
0.8
0.648
0.964
0.186
0.947
0.058
0.566
0.908
0.769
0.617
0.714
0.127
0.694
0.082
0.255
0.431
0.715
0.953
0.165
0.654
0.281
0.246
0.31
0.433
0.702
0.085
0.165
0.598
0.687
0.293
0.69
0.252
0.04
0.29
0.767
0.085
0.933
0.546
0.015
0.112
0.155
0.748
0.946
0.302
0.236
0.297
0.568
0.001
0.49
0.447
0.216
0.517
0.89
0.074
0.834
0.559
0.654
0.805
0.172
0.279
0.679
0.267
0.918
0.02
0.53
0.877
0.311
0.378
0.442
0.886
0.564
0.002
0.253
0.358
0.836
0.962
0.246
0.165
0.133
0.899
0.987
0.69
0.304
0.847
0.619
0.345
0.214
0.672
0.09
0.179
0.73
0.103
0.871
0.806
0.594
0.185
0.799
0.319
0.853
0.455
0.05
0.732
0.55
0.802
0.117
0.657
0.02
0.986
0.911
0.176
0.692
0.786
0.093
0.711
0.214
0.386
0.26
0.678
0.436
0.642
0.932
0.643
0.455
0.456
0.064
0.477
0.091
0.907
0.329
0.926
0.264
0.135
0.696
0.386
0.35
0.333
0.627
0.543
0.822
0.538
0.307
0.785
0.489
0.883
0.084
0.211
0.619
0.053
0.178
0.231
0.961
0.743
0.389
0.548
0.283
0.538
0.674
0.864
0.663
0.041
0.529
0.886
0.802
0.871
0.985
0.611
0.059
0.841
0.117
0.876
0.943
0.881
0.263
0.896
0.973
0.624
0.562
0.94
0.688
0.577
0.175
0.776
0.794
0.532
0.873
0.192
0.17
0.271
0.93
0.864
0.451
0.348
0.293
0.011
0.011
0.119
0.26
0.471
0.788
0.559
0.128
0.773
0.253
0.455
0.945
0.789
0.74
0.524
0.691
0.355
0.921
0.648
0.552
0.454
0.89
0.873
0.858
0.483
0.443
0.405
0.389
0.972
0.72
0.828
0.312
0.684
0.41
0.352
0.221
0.587
0.212
0.958
0.776
0.476
0.843
0.07
0.639
0.724
0.072
0.408
0.759
0.274
0.202
0.595
0.524
0.406
0.359
0.337
0.214
0.079
0.82
0.976
0.204
0.373
0.562
0.663
0.794
0.81
0.728
0.8
0.811
0.611
0.705
0.724
0.189
0.003
0.525
0.766
0.883
0.181
0.682
0.771
0.032
0.538
0.855
0.778
0.842
0.563
0.485
0.559
0.491
0.518
0.196
0.992
0.301
0.872
0.283
0.876
0.382
0.744
0.491
0.727
0.901
0.422
0.369
0.048
0.822
0.954
0.852
0.421
0.728
0.957
0.313
0.694
0.506
0.262
0.754
0.535
0.544
0.15
0.303
0.453
0.285
0.108
0.489
0.399
0.018
0.659
0.389
0.865
0.696
0.789
0.129
0.088
0.558
0.195
0.931
0.632
0.426
0.678
0.132
0.834
0.362
0.123
0.478
0.539
0.092
0.149
0.428
0.069
0.809
0.394
0.416
0.308
0.976
0.656
0.122
0.246
0.682
0.661
0.577
0.032
0.186
0.911
0.833
0.169
0.53
0.461
0.661
0.329
0.15
0.959
0.407
0.067
0.55
0.732
0.121
0.955
0.527
0.993
0.98
0.032
0.776
0.157
0.204
0.712
0.135
0.188
0.291
0.814
0.515
0.534
0.422
0.67
0.081
0.891
0.07
0.876
0.794
0.304
0.478
0.496
0.045
0.001
0.413
0.114
0.65
0.225
0.777
0.047
0.968
0.748
0.792
0.335
0.146
0.776
0.622
0.009
0.61
0.764
0.922
0.162
0.138
0.172
0.183
0.976
0.642
0.113
0.898
0.544
0.515
0.189
0.408
0.715
0.391
0.756
0.182
0.664
0.016
0.487
0.03
0.613
0.567
0.601
0.723
0.118
0.587
0.332
0.557
0.039
0.802
0.783
0.518
0.323
0.902
0.356
0.983
0.857
0.452
0.038
0.459
0.298
0.943
0.488
0.06
0.525
0.301
0.128
0.425
0.394
0.491
0.833
0.503
0.796
0.403
0.375
0.389
0.999
0.186
0.944
0.431
0.158
0.898
0.77
0.174
0.001
0.39
0.023
0.932
0.985
0.909
0.546
0.611
0.115
0.531
0.448
0.911
0.569
0.77
0.426
0.425
0.997
0.563
0.364
0.214
0.43
0.167
0.734
0.505
0.802
0.119
0.904
0.886
0.268
0.112
0.592
0.477
0.989
0.75
0.355
0.745
0.856
0.068
0.192
0.809
0.912
0.176
0.688
0.69
0.721
0.736
0.853
0.509
0.858
0.742
0.729
0.736
0.103
0.289
0.555
0.98
0.025
0.247
0.318
0.026
0.589
0.535
0.976
0.356
0.783
0.49
0.307
0.246
0.148
0.514
0.244
0.519
0.511
0.817
0.767
0.246
0.836
0.732
0.701
0.644
0.781
0.548
0.877
0.122
0.962
0.994
0.33
0.302
0.693
0.003
0.401
0.205
0.961
0.86
0.578
0.444
0.949
0.516
0.729
0.463
0.257
0.6
0.139
0.21
0.087
0.246
0.922
0.028
0.426
0.474
0.613
0.466
0.148
0.351
0.686
0.612
0.291
0.046
0.82
0.069
0.913
0.385
0.866
0.617
0.148
0.142
0.915
0.227
0.939
0.933
0.536
0.981
0.045
0.159
0.857
0.17
0.269
0.599
0.717
0.127
0.234
0.14
0.596
0.022
0.423
0.273
0.984
0.778
0.617
0.187
0.539
0.902
0.046
0.9
0.515
0.098
0.883
0.051
0.633
0.474
0.332
0.031
0.14
0.835
0.666
0.349
0.176
0.782
0.151
0.848
0.908
0.293
0.078
0.293
0.042
0.517
0.562
0.695
0.429
0.431
0.366
0.292
0.06
0.408
0.812
0.174
0.928
0.932
0.797
0.734
0.335
0.432
0.708
0.349
0.66
0.628
0.441
0.761
0.488
0.159
0.456
0.811
0.252
0.91
0.37
0.507
0.214
0.794
0.17
0.664
0.548
0.094
0.995
0.352
0.44
0.478
0.042
0.591
0.837
0.754
0.452
0.748
0.128
0.321
0.669
0.206
0.469
0.042
0.294
0.273
0.359
0.454
0.301
0.822
0.14
0.931
0.656
0.262
0.902
0.886
0.917
0.542
0.081
0.284
0.384
0.683
0.198
0.161
0.799
0.392
0.885
0.063
0.817
0.158
0.273
0.669
0.199
0.187
0.807
0.645
0.838
0.241
0.597
0.271
0.9
0.217
0.364
0.292
0.999
0.241
0.825
0.667
0.206
0.777
0.853
0.105
0.252
0.378
0.661
0.046
0.829
0.398
0.602
0.16
0.512
0.596
0.098
0.267
0.501
0.006
0.043
0.913
0.315
0.961
0.853
0.438
0.347
0.729
0.416
0.45
0.406
0.557
0.157
0.598
0.593
0.598
0.304
0.096
0.142
0.569
0.373
0.902
0.463
0.799
0.825
0.722
0.242
0.996
0.601
0.723
0.304
0.357
0.844
0.783
0.477
0.455
0.738
0.669
0.13
0.658
0.39
0.474
0.226
0.164
0.588
0.674
0.483
0.633
0.244
0.353
0.086
0.276
0.929
0.262
0.307
0.37
0.875
0.606
0.535
0.908
0.518
0.582
0.987
0.27
0.149
0.632
0.546
0.231
0.215
0.157
0.605
0.481
0.765
0.795
0.75
0.144
0.98
0.675
0.915
0.402
0.953
0.538
0.545
0.496
0.004
0.141
0.828
0.615
0.504
0.144
0.305
0.784
0.849
0.306
0.585
0.063
0.606
0.678
0.517
0.634
0.845
0.163
0.675
0.016
0.895
0.468
0.284
0.828
0.222
0.207
0.224
0.391
0.918
0.688
0.597
0.34
0.404
0.911
0.665
0.078
0.648
0.591
0.336
0.65
0.979
0.071
0.191
0.075
0.65
0.356
0.599
0.16
0.425
0.359
0.697
0.31
0.354
0.611
0.539
0.995
0.622
0.43
0.845
0.642
0.103
0.632
0.711
0.878
0.537
0.337
0.033
0.466
0.795
0.999
0.913
0.842
0.779
0.666
0.383
0.516
0.548
0.298
0.258
0.915
0.174
0.472
0.407
0.759
0.085
0.885
0.584
0.35
0.789
0.526
0.82
0.691
0.282
0.527
0.647
0.382
0.893
0.987
0.463
0.761
0.159
0.226
0.251
0.194
0.674
0.283
0.568
0.199
0.54
0.056
0.464
0.188
0.178
0.554
0.438
0.969
0.476
0.326
0.142
0.192
0.139
0.229
0.145
0.228
0.249
0.427
0.54
0.991
0.892
0.366
0.948
0.9
0.586
0.703
0.102
0.712
0.946
0.715
0.635
0.107
0.283
0.23
0.061
0.333
0.137
1.0
0.191
0.891
0.965
0.425
0.946
0.204
0.596
0.024
0.847
0.796
0.168
0.421
1.0
0.439
0.077
0.412
0.436
0.366
0.424
0.498
0.759
0.618
0.268
0.564
0.362
0.287
0.761
0.143
0.363
0.017
0.273
0.47
0.949
0.154
0.947
0.273
0.694
0.202
0.657
0.197
0.794
0.462
0.747
0.238
0.195
0.224
0.614
0.524
0.72
0.215
0.693
0.432
0.667
0.302
0.648
0.168
0.072
0.696
0.681
0.513
0.125
0.968
0.668
0.469
0.255
0.931
0.924
0.217
0.35
0.935
0.368
0.426
0.796
0.283
0.766
0.309
0.07
0.102
0.06
0.204
0.398
0.492
0.399
0.928
0.658
0.856
0.806
0.71
0.828
0.721
0.724
0.823
0.949
0.741
0.665
0.633
0.238
0.289
0.206
0.429
0.308
0.393
0.651
0.543
0.318
0.238
0.739
0.297
0.64
0.801
0.394
0.058
0.501
0.672
0.215
0.866
0.968
0.869
0.355
0.584
0.122
0.143
0.9
0.089
0.359
0.688
0.089
0.148
0.948
0.91
0.433
0.8
0.738
0.539
0.359
0.368
0.293
0.916
0.175
0.238
0.389
0.631
0.852
0.189
0.728
0.999
0.8
0.865
0.154
0.989
0.862
0.564
0.332
0.042
0.144
0.058
0.64
0.055
0.14
0.843
0.33
0.692
0.675
0.083
0.85
0.307
0.213
0.026
0.652
0.463
0.357
0.97
0.674
0.86
0.88
0.35
0.574
0.469
0.282
0.737
0.294
0.114
0.41
0.766
0.273
0.115
0.878
0.345
0.559
0.778
0.861
0.78
0.804
0.018
0.005
0.093
0.417
0.809
0.213
0.801
0.179
0.47
0.525
0.045
0.912
0.405
0.153
0.006
0.454
0.664
0.429
0.994
0.853
0.385
0.137
0.126
0.427
0.37
0.837
0.803
0.348
0.752
0.888
0.815
0.709
0.904
0.346
0.32
0.593
0.464
0.753
0.545
0.609
0.479
0.727
0.551
0.461
0.182
0.355
0.082
0.121
0.727
0.713
0.9
0.001
0.492
0.754
0.099
0.244
0.106
0.46
0.163
0.669
0.02
0.393
0.013
0.798
0.379
0.977
0.891
0.873
0.985
0.706
0.485
0.648
0.581
0.009
0.324
0.343
0.696
0.968
0.821
0.081
0.543
0.15
0.525
0.651
0.53
0.076
0.777
0.946
0.793
0.426
0.244
0.358
0.518
0.105
0.796
0.259
0.161
0.821
0.633
0.16
0.682
0.3
0.543
0.246
0.946
0.208
0.852
0.632
0.011
0.325
0.283
0.858
0.823
0.165
0.842
0.003
0.583
0.748
0.333
0.503
0.036
0.276
0.071
0.297
0.134
0.399
0.648
0.661
0.874
0.476
0.015
0.572
0.13
0.06
0.322
0.891
0.235
0.669
0.609
0.454
0.216
0.003
0.629
0.158
0.157
0.281
0.352
0.229
0.271
0.163
0.605
0.653
0.858
0.355
0.976
0.763
0.831
0.648
0.175
0.695
0.264
0.06
0.735
0.259
0.144
0.956
0.923
0.769
0.975
0.533
0.533
0.657
0.497
0.935
0.483
0.607
0.167
0.089
0.969
0.114
0.071
0.2
0.87
0.297
0.87
0.112
0.133
0.203
0.011
0.668
0.37
0.39
0.594
0.902
0.271
0.257
0.245
0.251
0.175
0.408
0.352
0.43
0.878
0.702
0.135
0.353
0.745
0.744
0.432
0.567
0.864
0.92
0.878
0.625
0.798
0.12
0.716
0.315
0.285
0.92
0.748
0.338
0.659
0.994
0.815
0.738
0.67
0.867
0.28
0.354
0.958
0.321
0.686
0.912
0.427
0.314
0.991
0.332
0.251
0.59
0.715
0.668
0.54
0.728
0.224
0.926
0.252
0.596
0.571
0.481
0.754
0.215
0.363
0.713
0.708
0.524
0.556
0.645
0.24
0.025
0.975
0.974
0.776
0.748
0.979
0.333
0.027
0.697
0.108
0.826
0.148
0.187
0.359
0.851
0.047
0.057
0.429
0.532
0.068
0.12
0.216
0.376
0.319
0.696
0.473
0.582
0.708
0.981
0.208
0.871
0.202
0.737
0.586
0.524
0.913
0.03
0.76
0.808
0.456
0.032
0.786
0.642
0.091
0.259
0.699
0.394
0.474
0.823
0.458
0.812
0.436
0.3
0.246
0.707
0.361
0.878
0.503
0.573
0.338
0.584
0.137
0.731
0.307
0.972
0.332
0.149
0.162
0.205
0.971
0.038
0.633
0.188
0.337
0.532
0.82
0.667
0.373
0.85
0.449
0.251
0.134
0.198
0.62
0.095
0.616
0.822
0.042
0.758
0.934
0.245
0.307
0.486
0.734
0.923
0.064
0.843
0.208
0.166
0.64
0.352
0.834
0.587
0.584
0.305
0.402
0.756
0.981
0.854
0.758
0.14
0.094
0.11
0.973
0.569
0.826
0.691
0.307
0.797
0.706
0.216
0.496
0.119
0.621
0.326
0.46
0.635
0.223
0.84
0.167
0.451
0.632
0.744
0.187
0.165
0.3
0.996
0.004
0.964
0.084
0.049
0.099
0.852
0.366
0.432
0.394
0.436
0.511
0.634
0.028
0.877
0.469
0.037
0.33
0.356
0.99
0.735
0.356
0.267
0.786
0.62
0.119
0.466
0.185
0.974
0.733
0.126
0.712
0.881
0.84
0.309
0.145
0.845
0.184
0.605
0.409
0.885
0.927
0.442
0.775
0.323
0.985
0.057
0.409
0.338
0.924
0.896
0.511
0.675
0.302
0.022
0.241
0.984
0.081
0.939
0.922
0.293
0.132
0.676
0.084
0.733
0.77
0.563
0.001
0.057
0.81
0.722
0.896
0.235
0.894
0.362
0.701
0.7
0.785
0.477
0.38
0.203
0.329
0.844
0.576
0.681
0.461
0.603
0.978
0.404
0.889
0.366
0.248
0.883
0.981
0.439
0.508
0.249
0.283
0.621
0.27
0.06
0.395
0.334
0.649
0.485
0.715
0.47
0.028
0.175
0.004
0.644
0.753
0.685
0.796
0.888
0.392
0.179
0.317
0.616
0.649
0.737
0.672
0.037
0.604
0.903
0.823
0.71
0.535
0.367
0.381
0.346
0.279
0.79
0.847
0.368
0.437
0.583
0.241
0.225
0.765
0.617
0.494
0.518
0.499
0.97
0.861
0.902
0.485
0.092
0.448
0.725
0.401
0.315
0.977
0.834
0.431
0.597
0.534
0.066
0.591
0.284
0.466
0.862
0.335
0.712
0.003
0.391
0.912
0.137
0.741
0.501
0.053
0.54
0.823
0.629
0.006
0.141
0.652
0.376
0.712
0.414
0.57
0.739
0.974
0.023
0.219
0.137
0.983
0.432
0.176
0.471
0.622
0.486
0.567
0.295
0.07
0.99
0.804
0.713
0.768
0.324
0.06
0.302
0.592
0.546
0.019
0.616
0.821
0.199
0.081
0.226
0.856
0.53
0.678
0.187
0.645
0.698
0.368
0.325
0.742
0.991
0.902
0.495
0.839
0.566
0.751
0.559
0.195
0.243
0.459
0.384
0.779
0.625
0.096
0.307
0.683
0.698
0.648
0.185
0.355
0.833
0.65
0.466
0.581
0.561
0.362
0.495
0.567
0.418
0.14
0.467
0.833
0.564
0.965
0.698
0.67
0.712
0.836
0.868
0.519
0.912
0.481
0.21
0.503
0.41
0.706
0.446
0.548
0.862
0.462
0.687
0.478
0.143
0.051
0.579
0.288
0.159
0.899
0.315
0.466
0.187
0.267
0.041
0.963
0.163
0.446
0.843
0.364
0.296
0.085
0.293
0.174
0.837
0.075
0.065
0.424
0.871
0.456
0.528
0.294
0.068
0.532
0.703
0.966
0.054
0.514
0.639
0.091
0.829
0.607
0.06
0.909
0.262
0.017
0.212
0.798
0.487
0.743
0.595
0.591
0.306
0.713
0.352
0.412
0.767
0.619
0.513
0.731
0.437
0.538
0.221
0.547
0.314
0.677
0.827
0.967
0.649
0.389
0.573
0.189
0.864
0.559
0.013
0.692
0.351
0.145
0.789
0.344
0.602
0.829
0.876
0.785
0.66
0.976
0.873
0.724
0.753
0.956
0.01
0.796
0.333
0.096
0.184
0.813
0.996
0.277
0.158
0.723
0.169
0.681
0.597
0.611
0.638
0.199
0.477
0.492
0.645
0.863
0.373
0.589
0.75
0.963
0.008
0.922
0.477
0.558
0.729
0.818
0.52
0.087
0.112
0.72
0.018
0.236
0.822
0.557
0.365
0.711
0.912
0.393
0.169
0.836
0.622
0.84
0.56
0.978
0.899
0.142
0.204
0.172
0.557
0.461
0.107
0.092
0.049
0.108
0.842
0.403
0.016
0.382
0.225
0.339
0.13
0.523
0.716
0.01
0.929
0.036
0.534
0.508
0.504
0.029
0.035
0.956
0.204
0.64
0.473
0.128
0.151
0.409
0.122
0.406
0.575
0.301
0.897
0.395
0.254
0.592
0.466
0.999
0.709
0.282
0.303
0.784
0.474
0.017
0.493
0.454
0.633
0.061
0.617
0.869
0.928
0.139
0.311
0.309
0.655
0.092
0.275
0.988
0.539
0.972
0.041
0.34
0.41
0.862
0.764
0.509
0.708
0.525
0.506
0.066
0.998
0.851
0.548
0.319
0.63
0.914
0.492
0.888
0.916
0.722
0.039
0.215
0.375
0.2
0.138
0.178
0.677
0.09
0.62
0.939
0.349
0.351
0.432
0.189
0.493
0.481
0.385
0.758
0.816
0.335
0.015
0.493
0.061
0.73
0.088
0.304
0.688
0.068
0.027
0.433
0.383
0.356
0.479
0.519
0.784
0.518
0.031
0.98
0.711
0.441
0.838
0.309
0.129
0.569
0.087
0.376
0.975
0.273
0.879
0.455
0.686
0.179
0.448
0.598
0.426
0.112
0.921
0.565
0.324
0.887
0.898
0.246
0.64
0.073
0.294
0.264
0.779
0.583
0.73
0.306
0.72
0.548
0.35
0.591
0.549
0.982
0.082
0.65
0.947
0.63
0.689
0.536
0.253
0.818
0.774
0.766
0.344
0.37
0.22
0.262
0.042
0.578
0.242
0.612
0.825
0.23
0.375
0.818
0.097
0.613
0.783
0.002
0.242
0.771
0.546
0.714
0.681
0.568
0.621
0.814
0.901
0.918
0.9
0.298
0.772
0.181
0.337
0.563
0.19
0.582
0.715
0.15
0.93
0.716
0.787
0.318
0.613
0.168
0.764
0.955
0.469
0.016
0.858
0.914
0.068
0.038
0.132
0.237
0.266
0.097
0.619
0.729
0.007
0.963
0.7
0.992
0.209
0.023
0.144
0.658
0.41
0.138
0.545
0.961
0.688
0.186
0.883
0.55
0.267
0.15
0.801
0.196
0.179
0.665
0.79
0.896
0.288
0.65
0.206
0.718
0.276
0.972
0.079
0.537
0.888
0.768
0.277
0.328
0.27
0.307
0.486
0.327
0.193
0.743
0.248
0.794
0.051
0.542
0.293
0.571
0.09
0.426
0.949
0.751
0.313
0.493
0.951
0.232
0.389
0.477
0.568
0.239
0.426
0.452
0.834
0.892
0.028
0.95
0.206
0.072
0.795
0.01
0.127
0.102
0.073
0.877
0.207
0.062
0.413
0.08
0.908
0.534
0.102
0.682
0.504
0.464
0.755
0.905
0.348
0.029
0.397
0.101
0.219
0.937
0.817
0.928
0.651
0.936
0.989
0.672
0.701
0.399
0.572
0.723
0.774
0.03
0.768
0.193
0.799
0.512
0.58
0.201
0.103
0.151
0.575
0.544
0.506
0.982
0.482
0.53
0.483
0.423
0.08
0.59
0.549
0.618
0.135
0.365
0.837
0.576
0.32
0.301
0.701
0.219
0.508
0.365
0.956
0.177
0.474
0.434
0.489
0.772
0.971
0.716
0.949
0.557
0.377
0.901
0.002
0.103
0.238
0.971
0.687
0.553
0.715
0.324
0.047
0.323
0.519
0.956
0.102
0.451
0.466
0.367
0.72
0.13
0.535
0.091
0.809
0.408
0.157
0.265
0.112
0.594
0.429
0.397
0.595
0.959
0.257
0.221
0.574
0.73
0.036
0.677
0.45
0.935
0.168
0.137
0.544
0.187
0.131
0.112
0.296
0.898
0.645
0.215
0.665
0.099
0.01
0.962
0.194
0.613
0.288
0.373
0.213
0.305
0.186
0.495
0.116
0.352
0.786
0.187
0.917
0.75
0.05
0.823
0.25
0.715
0.579
0.571
0.263
0.287
0.09
0.016
0.653
0.984
0.765
0.804
0.364
0.519
0.792
0.47
0.239
0.793
0.441
0.592
0.201
0.801
0.127
0.267
0.546
0.247
0.655
0.683
0.905
0.211
0.177
0.829
0.234
0.77
0.044
0.731
0.176
0.077
0.149
0.895
0.634
0.749
0.924
0.419
0.9
0.579
0.057
0.51
0.493
0.752
0.788
0.481
0.967
0.762
0.703
0.295
0.797
0.068
0.603
0.764
0.138
0.548
0.936
0.347
0.359
0.393
0.867
0.63
0.233
0.998
0.621
0.402
0.231
0.392
0.405
0.413
0.47
0.24
0.878
0.475
0.646
0.13
0.584
0.538
0.658
0.1
0.487
0.935
0.288
0.341
0.462
0.42
0.322
0.19
0.961
0.797
0.915
0.097
0.264
0.069
0.477
0.805
0.45
0.012
0.132
0.799
0.217
0.246
0.598
0.169
0.252
0.445
0.82
0.502
0.166
0.242
0.985
0.597
0.729
0.249
0.391
0.023
0.283
0.575
0.198
0.198
0.801
0.142
0.395
0.364
0.471
0.969
0.345
0.439
0.974
0.615
0.011
0.301
0.209
0.924
0.959
0.38
0.166
0.457
0.875
0.157
0.867
0.35
0.924
0.513
0.967
0.704
0.957
0.736
0.826
0.218
0.924
0.717
0.898
0.975
0.228
0.35
0.097
0.379
0.583
0.133
0.142
0.956
0.209
0.552
0.2
0.421
0.096
0.805
0.536
0.48
0.159
0.928
0.217
0.25
0.976
0.384
0.746
0.38
0.683
0.81
0.281
0.319
0.593
0.919
0.058
0.965
0.513
0.4
0.407
0.097
0.195
0.237
0.556
0.004
0.456
0.595
0.035
0.59
0.064
0.369
0.099
0.75
0.766
0.189
0.554
0.88
0.394
0.566
0.709
0.907
0.859
0.846
0.408
0.252
0.86
0.084
0.668
0.399
0.926
0.556
0.03
0.07
0.187
0.048
0.862
0.913
0.744
0.33
0.924
0.595
0.447
0.679
0.639
0.445
0.335
0.694
0.831
0.556
0.721
0.313
0.024
0.474
0.4
0.053
0.109
0.757
0.738
0.748
0.178
0.727
0.096
0.961
1.0
0.236
0.601
0.265
0.698
0.901
0.551
0.474
0.789
0.674
0.25
0.196
0.784
0.964
0.635
0.734
0.831
0.156
0.199
0.345
0.064
0.495
0.342
0.006
0.765
0.003
0.482
0.372
0.597
0.574
0.296
0.287
0.94
0.092
0.419
0.916
0.395
0.588
0.517
0.458
0.805
0.591
0.03
0.449
0.177
0.718
0.688
0.967
0.092
0.97
0.673
0.143
0.314
0.742
0.292
0.148
0.203
0.17
0.277
0.828
0.405
0.797
0.401
0.97
0.277
0.938
0.41
0.413
0.484
0.199
0.295
0.372
0.119
0.546
0.681
0.981
0.994
0.116
0.086
0.767
0.679
0.461
0.059
0.214
0.192
0.785
0.789
0.207
0.659
0.405
0.754
0.523
0.355
0.993
0.587
0.365
0.083
0.541
0.223
0.803
0.978
0.435
0.189
0.299
0.853
0.736
0.805
0.019
0.426
0.736
0.36
0.774
0.006
0.432
0.985
0.343
0.2
0.672
0.52
0.723
0.188
0.864
0.306
0.918
0.349
0.448
0.571
0.255
0.391
0.169
0.795
0.973
0.933
0.638
0.002
0.423
0.898
0.296
0.231
0.857
0.753
0.66
0.991
0.001
0.711
0.265
0.785
0.393
0.335
0.598
0.192
0.731
0.89
0.47
0.326
0.884
0.661
0.824
0.099
0.449
0.304
0.789
0.865
0.414
0.179
0.903
0.011
0.067
0.453
0.69
0.512
0.646
0.24
0.187
0.483
0.276
0.245
0.088
0.77
0.51
0.53
0.58
0.41
0.722
0.049
0.576
0.547
0.273
0.81
0.93
0.321
0.295
0.368
0.5
0.128
0.654
0.176
0.22
0.562
0.317
0.436
0.807
0.629
0.563
0.272
0.088
0.449
0.861
0.074
0.266
0.675
0.171
0.792
0.012
0.554
0.372
0.989
0.561
0.845
0.495
0.387
0.307
0.156
0.654
0.568
0.126
0.794
0.094
0.211
0.779
0.483
0.59
0.728
0.677
0.588
0.203
0.531
0.985
0.764
0.72
0.483
0.633
0.657
0.514
0.413
0.118
0.007
0.122
0.118
0.617
0.523
0.055
0.04
0.283
0.676
0.368
0.854
0.036
0.373
0.658
0.155
0.118
0.705
0.254
0.694
0.964
0.886
0.418
0.061
0.011
0.709
0.486
0.318
0.968
0.112
0.803
0.241
0.387
0.812
0.96
0.982
0.842
0.591
0.065
0.283
0.068
0.281
0.345
0.913
0.412
0.628
0.318
0.676
0.88
0.728
0.873
0.15
0.098
0.678
0.062
0.662
0.178
0.89
0.284
0.322
0.313
0.541
0.634
0.547
0.035
0.178
0.639
0.727
0.127
0.586
0.194
0.404
0.187
0.983
0.616
0.98
0.422
0.999
0.757
0.419
0.136
0.774
0.037
0.834
0.472
0.554
0.691
0.139
0.632
0.449
0.42
0.876
0.975
0.158
0.662
0.811
0.999
0.498
0.496
0.209
0.44
0.601
0.202
0.835
0.066
0.283
0.022
0.513
0.837
0.477
0.838
0.306
0.764
0.469
0.234
0.58
0.565
0.712
0.665
0.684
0.211
0.817
0.024
0.34
0.032
0.606
0.457
0.303
0.283
0.293
0.053
0.283
0.659
0.962
0.689
0.694
0.625
0.153
0.2
0.152
0.842
0.302
0.558
0.94
0.338
0.739
0.832
0.068
0.878
0.241
0.315
0.2
0.421
0.572
0.923
0.377
0.114
0.981
0.604
0.969
0.828
0.063
0.358
0.882
0.583
0.286
0.847
0.94
0.753
0.961
0.083
0.514
0.65
0.785
0.261
0.289
0.386
0.581
0.779
0.227
0.956
0.988
0.418
0.763
0.653
0.417
0.981
0.228
0.047
0.555
0.892
0.37
0.512
0.036
0.791
0.391
0.607
0.013
0.349
0.997
0.867
0.338
0.678
0.808
0.65
0.376
0.071
0.417
0.211
0.747
0.428
0.443
0.948
0.316
0.517
0.264
0.436
0.62
0.674
0.09
0.123
0.526
0.188
0.195
0.684
0.893
0.392
0.015
0.997
0.966
0.999
0.772
0.136
0.061
0.606
0.895
0.256
0.195
0.64
0.354
0.161
0.976
0.937
0.519
0.806
0.71
0.665
0.289
0.431
0.145
0.262
0.399
0.221
0.7
0.844
0.55
0.804
0.303
0.113
0.007
0.94
0.933
0.484
0.764
0.556
0.69
0.293
0.695
0.02
0.967
0.45
0.726
0.844
0.527
0.132
0.326
0.01
0.264
0.824
0.592
0.909
0.754
0.17
0.536
0.28
0.251
0.469
0.104
0.89
0.911
0.669
0.192
0.702
0.797
0.691
0.824
0.25
0.872
0.224
0.555
0.699
0.145
0.781
0.747
0.066
0.435
0.806
0.861
0.194
0.269
0.674
0.514
0.559
0.359
0.674
0.673
0.087
0.636
0.09
0.84
0.512
0.199
0.161
0.028
0.736
0.947
0.279
0.609
0.885
0.1
0.611
0.188
0.287
0.828
0.916
0.19
0.845
0.338
0.308
0.083
0.171
0.499
0.335
0.411
0.246
0.481
0.646
0.596
0.556
0.295
0.671
0.895
0.969
0.412
0.057
0.291
0.024
0.744
0.554
0.358
0.038
0.53
0.418
0.153
0.074
0.832
0.679
0.546
0.526
0.771
0.583
0.786
0.538
0.787
0.354
0.044
0.037
0.669
0.471
0.672
0.802
0.016
0.644
0.412
0.596
0.106
0.933
0.242
0.676
0.269
0.712
0.646
0.979
0.482
0.975
0.931
0.52
0.52
0.25
0.286
0.36
0.805
0.889
0.691
0.171
0.212
0.31
0.959
0.121
0.796
0.152
0.266
0.677
0.412
0.083
0.523
0.071
0.489
0.467
0.699
0.243
0.484
0.314
0.861
0.835
0.595
0.644
0.368
0.024
0.676
0.85
0.436
0.762
0.99
0.458
0.222
0.737
0.674
0.019
0.788
0.171
0.551
0.362
0.895
0.258
0.446
0.314
0.126
0.312
0.494
0.363
0.491
0.286
0.268
0.786
0.099
0.961
0.037
0.723
0.579
0.228
0.386
0.753
0.977
0.665
0.914
0.225
0.148
0.818
0.331
0.348
0.061
0.993
0.091
0.752
0.37
0.637
0.462
0.627
0.448
0.465
0.638
0.104
0.881
0.337
0.915
0.993
0.931
0.298
0.935
0.554
0.489
0.365
0.783
0.334
0.495
0.866
0.57
0.912
0.645
0.104
0.47
0.331
0.919
0.788
0.74
0.284
0.861
0.799
0.982
0.115
0.737
0.747
0.332
0.492
0.867
0.027
0.789
0.764
0.902
0.644
0.197
0.901
0.542
0.255
0.342
0.532
0.233
0.775
0.896
0.641
0.521
0.698
0.543
0.847
0.969
0.811
0.039
0.376
0.732
0.325
0.641
0.297
0.333
0.192
0.444
0.801
0.74
0.475
0.365
0.826
0.914
0.617
0.404
0.563
0.729
0.874
0.165
0.553
0.437
0.794
0.479
0.671
0.102
0.144
0.841
0.872
1.0
0.304
0.08
0.132
0.353
0.036
0.264
0.355
0.065
0.459
0.986
0.318
0.681
0.56
0.617
0.962
0.381
0.267
0.186
0.719
0.092
0.358
0.68
0.23
0.655
0.295
0.659
0.83
0.182
0.148
0.582
0.773
0.199
0.924
0.81
0.036
0.182
0.718
0.925
0.907
0.633
0.319
0.424
0.783
0.93
0.263
0.924
0.267
0.426
0.172
0.935
0.815
0.236
0.431
0.581
0.243
0.344
0.866
0.971
0.297
0.204
0.786
0.937
0.055
0.742
0.296
0.084
0.36
0.718
0.89
0.598
0.298
0.487
0.351
0.591
0.296
0.621
0.453
0.777
0.563
0.623
0.745
0.699
0.803
0.599
0.08
0.585
0.756
0.159
0.314
0.78
0.082
0.929
0.708
0.409
0.315
0.443
0.271
0.72
0.306
0.091
0.362
0.972
0.604
0.646
0.715
0.752
0.076
0.512
0.145
0.135
0.071
0.874
0.386
0.903
0.613
0.744
0.396
0.763
0.14
0.518
0.995
0.655
0.795
0.912
0.405
0.596
0.715
0.086
0.201
0.076
0.694
0.011
0.179
0.673
0.749
0.105
0.961
0.521
