0.012
0.96
0.376
0.268
0.069
0.91
0.715
0.01
0.889
0.891
0.969
0.107
0.886
0.536
0.281
0.319
0.084
0.848
0.362
0.168
0.134
0.621
0.265
0.845
0.156
0.556
0.341
0.289
0.399
0.638
0.827
0.404
0.499
0.067
0.846
0.501
0.177
0.448
0.718
0.83
0.453
0.52
0.188
0.422
0.693
0.096
0.614
0.993
0.422
0.644
0.126
0.889
0.47
0.987
0.317
0.863
0.083
0.383
0.519
0.418
0.269
0.552
0.623
0.753
0.812
0.084
0.846
0.324
0.671
0.194
0.603
0.417
0.437
0.153
0.883
0.887
0.117
0.172
0.181
0.683
0.077
0.142
0.005
0.657
0.283
0.894
0.865
0.089
0.964
0.928
0.655
0.637
0.492
0.576
0.582
0.061
0.724
0.399
0.851
0.256
