0.12
0.154
0.6
0.459
0.81
0.475
0.177
0.7
0.479
0.082
0.712
0.895
0.131
0.708
0.266
0.123
0.908
0.616
0.78
0.151
0.63
0.3
0.809
0.674
0.119
0.429
0.05
0.437
0.202
0.192
0.414
0.353
0.136
0.557
0.572
0.822
0.749
0.045
0.835
0.111
0.187
0.344
0.639
0.476
0.927
0.092
0.195
0.095
0.145
0.684
0.187
0.141
0.054
0.053
0.783
0.373
0.737
0.895
0.878
0.604
0.087
0.108
0.647
0.144
0.101
0.925
0.333
0.669
0.575
0.091
0.401
0.302
0.432
0.232
0.417
0.824
0.193
0.578
0.821
0.002
0.928
0.054
0.197
0.402
0.281
0.783
0.148
0.687
0.964
0.975
0.425
0.865
0.113
0.606
0.828
0.975
0.258
0.645
0.327
0.646
0.275
0.391
0.286
0.568
0.849
0.898
0.649
0.277
0.25
0.832
0.304
0.001
0.931
0.596
0.65
0.743
0.881
0.997
0.8
0.747
0.088
0.128
0.134
0.72
0.878
0.409
0.362
0.554
0.015
0.202
0.894
0.046
0.94
0.021
0.368
0.383
0.805
0.18
0.976
0.472
0.826
0.433
0.019
0.216
0.572
0.709
0.154
0.883
0.946
0.857
0.439
0.381
0.884
0.093
0.191
0.615
0.249
0.524
0.516
0.065
0.517
0.222
0.689
0.785
0.03
0.023
0.963
0.32
0.144
0.505
0.96
0.406
0.902
0.736
0.532
0.681
0.749
0.952
0.304
0.202
0.238
0.85
0.609
0.793
0.739
0.652
0.479
0.286
0.856
0.745
0.861
0.327
0.693
0.235
0.817
0.744
0.672
0.624
0.021
0.773
0.055
0.155
0.017
0.215
0.524
0.447
0.905
0.342
0.28
0.366
0.972
0.701
0.006
0.514
0.08
0.137
0.13
0.208
0.828
0.978
0.775
0.562
0.953
0.13
0.566
0.245
0.698
0.197
0.122
0.546
0.427
0.432
0.863
0.653
0.192
0.371
0.263
0.213
0.016
0.139
0.972
0.377
0.363
0.324
0.058
0.445
0.093
0.748
0.051
0.145
0.692
0.583
0.945
0.365
0.642
0.111
0.432
0.093
0.088
0.601
0.177
0.368
0.521
0.262
0.197
0.036
0.519
0.739
0.266
0.551
0.03
0.315
0.733
0.618
0.454
0.89
0.357
0.108
0.783
0.286
0.905
0.845
0.091
0.574
0.198
0.323
0.115
0.356
0.927
0.104
0.699
0.8
0.639
0.319
0.292
0.748
0.077
0.4
0.337
0.323
0.91
0.062
0.748
0.507
0.475
0.122
0.077
0.078
0.015
0.645
0.388
0.237
0.708
0.325
0.499
0.62
0.235
0.536
0.861
0.916
0.818
0.432
0.018
0.526
0.298
0.998
0.398
0.918
0.905
0.974
0.927
0.179
0.74
0.823
0.468
0.935
0.01
0.437
0.052
0.93
0.626
0.074
0.625
0.032
0.074
0.908
0.617
0.165
0.536
0.883
0.956
0.213
0.651
0.437
0.359
0.556
0.935
0.425
0.22
0.707
0.536
0.964
0.247
0.189
0.103
0.695
0.021
0.254
0.011
0.542
0.055
0.056
0.151
0.01
0.355
0.912
0.782
0.187
0.05
0.529
0.267
0.073
0.352
0.915
0.1
0.662
0.204
0.696
0.951
0.256
0.798
0.965
0.714
0.473
0.373
0.963
0.144
0.243
0.678
0.255
0.698
0.319
0.163
0.517
0.642
0.307
0.805
0.947
0.06
0.613
0.635
0.702
0.27
0.674
0.787
0.399
0.184
0.686
0.323
0.466
0.581
0.725
0.671
0.221
0.54
0.587
0.264
0.53
0.601
0.366
0.29
0.806
0.445
0.936
0.743
0.208
0.083
0.127
0.022
0.088
0.647
0.273
0.6
0.309
0.384
0.647
0.34
0.966
0.546
0.34
0.937
0.529
0.094
0.011
0.699
0.322
0.283
0.617
0.117
0.292
0.27
1.0
0.07
0.148
0.21
0.128
0.066
0.375
0.082
0.488
0.088
0.523
0.411
0.388
0.578
0.235
0.169
0.552
0.99
0.423
0.656
0.156
0.87
0.352
0.338
0.149
0.935
0.848
0.624
0.122
0.96
0.425
0.166
0.885
0.019
0.057
0.043
0.002
0.333
0.124
0.421
0.711
0.708
0.486
0.502
0.586
0.828
0.081
0.611
0.87
0.324
0.34
0.335
0.555
0.119
0.758
0.96
0.16
0.939
0.406
0.256
0.407
0.569
0.823
0.707
0.006
0.324
0.531
0.253
0.16
0.511
0.501
0.055
0.927
0.864
0.79
0.083
0.44
0.9
0.202
0.288
0.399
0.407
0.856
0.444
0.444
0.049
0.979
0.622
0.433
0.806
0.655
0.947
0.405
0.697
0.848
0.789
0.911
0.224
0.235
0.742
0.99
0.696
0.364
0.06
0.223
0.753
0.565
0.372
0.819
0.146
0.722
0.46
0.809
0.953
0.056
0.89
0.957
0.764
0.378
0.948
0.921
0.919
0.739
0.881
0.237
0.506
0.99
0.042
0.358
0.196
0.496
0.006
0.708
0.632
0.113
0.54
0.981
0.649
0.38
0.808
0.306
0.011
0.715
0.577
0.005
0.685
0.87
0.706
0.522
0.439
0.993
0.834
0.249
0.049
0.485
0.414
0.763
0.412
0.444
0.416
0.607
0.563
0.769
0.084
0.562
0.025
0.452
0.266
0.662
0.645
0.618
0.634
0.218
0.776
0.05
0.232
0.905
0.609
0.552
0.031
0.655
0.947
0.579
0.664
0.818
0.352
0.666
0.249
0.607
0.664
0.192
0.809
0.103
0.954
0.769
0.043
0.406
0.959
0.446
0.093
0.304
0.901
0.838
0.04
0.221
0.259
0.954
0.334
0.339
0.209
0.027
0.541
0.668
0.103
0.711
0.598
0.502
0.807
0.584
0.508
0.48
0.55
0.73
0.389
0.591
0.372
0.517
0.422
0.168
0.233
0.868
0.665
0.4
0.58
0.608
0.049
0.578
0.34
0.539
0.495
0.426
0.522
0.618
0.016
0.153
0.992
0.375
0.146
0.759
0.185
0.756
0.159
0.622
0.396
0.549
0.288
0.617
0.039
0.887
0.126
0.998
0.632
0.605
0.361
0.707
0.388
0.522
0.318
0.057
0.372
0.601
0.285
0.543
0.782
0.833
0.327
0.457
0.072
0.154
0.714
0.125
0.688
0.158
0.847
0.086
0.94
0.386
0.733
0.264
0.955
0.749
0.864
0.184
0.432
0.192
0.995
0.313
0.768
0.225
0.883
0.918
0.757
0.828
0.886
0.929
0.298
0.692
0.957
0.243
0.064
0.702
0.107
0.921
0.552
0.886
0.893
0.756
0.437
0.695
0.418
0.927
0.626
0.088
0.029
0.664
0.107
0.902
0.66
0.17
0.953
0.387
0.341
0.331
0.526
0.798
0.625
0.569
0.357
0.256
0.95
0.672
0.531
0.428
0.563
0.968
0.268
0.948
0.56
0.062
0.848
0.168
0.828
0.625
0.948
0.885
0.381
0.321
0.338
0.834
0.62
0.361
0.262
0.858
0.21
0.006
0.096
0.244
0.962
0.289
0.739
0.888
0.129
0.188
0.339
0.726
0.935
0.178
0.939
0.489
0.462
0.858
0.438
0.16
0.214
0.703
0.375
0.09
0.859
0.55
0.345
0.732
0.095
0.249
0.66
0.743
0.484
0.238
0.683
0.669
0.764
0.481
0.522
0.012
0.288
0.534
0.396
0.057
0.095
0.505
0.421
0.032
0.394
0.551
0.527
0.218
0.244
0.072
0.095
0.135
0.941
0.576
0.613
0.434
0.29
0.439
0.423
0.381
0.901
0.25
0.945
0.079
0.112
0.56
0.871
0.75
0.464
0.326
0.967
0.13
0.452
0.72
0.73
0.962
0.615
0.147
0.793
0.097
0.865
0.231
0.638
0.787
0.082
0.665
0.712
0.215
0.055
0.695
0.62
0.896
0.618
0.012
0.868
0.121
0.129
0.223
0.796
0.384
0.359
0.609
0.276
0.037
0.778
0.383
0.236
0.151
0.199
0.979
0.658
0.852
0.834
0.999
0.14
0.239
0.205
0.216
0.215
0.432
0.635
0.246
0.973
0.425
0.762
0.119
0.481
0.701
0.817
0.199
0.895
0.897
0.604
0.536
0.228
0.728
0.193
0.689
0.334
0.155
0.486
0.003
0.4
0.341
0.541
0.801
0.861
0.944
0.916
0.615
0.055
0.609
0.41
0.075
0.227
0.593
0.89
0.063
0.201
0.932
0.869
0.286
0.119
0.996
0.437
0.069
0.127
0.111
0.34
0.286
0.07
0.186
0.88
0.191
0.443
0.049
0.869
0.738
0.011
0.539
0.699
0.979
0.79
0.935
0.985
0.961
0.677
0.389
0.992
0.889
0.663
0.666
0.139
0.667
0.834
0.725
0.129
0.095
0.23
0.823
0.476
0.371
0.894
0.002
0.943
0.356
0.273
0.837
0.798
0.709
0.907
0.587
0.416
0.4
0.705
0.95
0.408
0.265
0.753
0.747
0.68
0.125
0.355
0.357
0.39
0.068
0.278
0.647
0.204
0.736
0.253
0.48
0.324
0.684
0.06
0.399
0.438
0.218
0.913
0.511
0.414
0.477
0.298
0.266
0.659
0.291
0.5
0.446
0.119
0.532
0.118
0.588
0.073
0.312
0.989
0.377
0.936
0.826
0.27
0.493
0.461
0.157
0.692
0.073
0.56
0.309
0.551
0.513
0.105
0.507
0.576
0.151
0.041
0.557
0.857
0.134
0.508
0.008
0.649
0.386
0.572
0.497
0.22
0.663
0.449
0.338
0.938
0.167
0.701
0.519
0.892
0.328
0.957
0.122
0.802
0.068
0.522
0.267
0.697
0.656
0.35
0.059
0.791
0.345
0.354
0.675
0.098
0.331
0.475
0.546
0.236
0.05
0.314
0.264
0.579
0.318
0.471
0.724
0.095
0.169
0.339
0.324
0.897
0.863
0.118
0.244
0.534
0.431
0.23
0.083
0.111
0.655
0.08
0.063
0.378
0.862
0.9
0.0
0.554
0.549
0.988
0.304
0.993
0.747
0.161
0.745
0.687
0.126
0.426
0.528
0.861
0.13
0.66
0.383
0.55
0.811
0.293
0.852
0.738
0.333
0.469
0.704
0.085
0.005
0.269
0.827
0.813
0.326
0.556
0.463
0.302
0.606
0.65
0.713
0.521
0.108
0.004
0.665
0.403
0.945
0.725
0.827
0.338
0.464
0.239
0.962
0.634
0.247
0.376
0.769
1.0
0.049
0.855
0.145
0.323
0.984
0.726
0.132
0.544
0.318
0.769
0.628
0.854
0.875
0.888
0.011
0.316
0.307
0.344
0.497
0.636
0.247
0.928
0.443
0.787
0.361
0.001
0.028
0.919
0.023
0.185
0.46
0.428
0.342
0.779
0.293
0.379
0.158
0.401
0.694
0.257
0.361
0.552
0.849
0.157
0.598
0.772
0.179
0.607
0.562
0.725
0.243
0.63
0.9
0.676
0.096
0.132
0.388
0.878
0.395
0.457
0.537
0.746
0.637
0.344
0.224
0.026
0.277
0.115
0.42
0.534
0.684
0.624
0.398
0.821
0.628
0.455
0.045
0.17
0.838
0.826
0.74
0.481
0.141
0.75
0.556
0.048
0.254
0.537
0.513
0.574
0.225
0.103
0.744
0.666
0.875
0.706
0.828
0.459
0.136
0.669
0.828
0.353
0.899
0.953
0.821
0.021
0.045
0.506
0.767
0.365
0.469
0.832
0.738
0.246
0.234
0.195
0.041
0.489
0.484
0.499
0.31
0.771
0.653
0.94
0.655
0.122
0.446
0.267
0.157
0.504
0.462
0.191
0.579
0.052
0.459
0.839
0.89
0.608
0.863
0.208
0.096
0.863
0.974
0.701
0.742
0.324
0.844
0.554
0.158
0.57
0.684
0.496
0.641
0.066
0.866
0.068
0.052
0.399
0.03
0.329
0.773
0.594
0.121
0.046
0.668
0.739
0.316
0.342
0.186
0.882
0.142
0.877
0.68
0.442
0.838
0.802
0.777
0.009
0.301
0.455
0.439
0.245
0.695
0.613
0.578
0.815
0.538
0.116
0.046
0.697
0.715
0.729
0.052
0.219
0.174
0.067
0.833
0.467
0.151
0.001
0.358
0.362
0.895
0.368
0.625
0.017
0.756
0.255
0.773
0.864
0.047
0.393
0.98
0.291
0.537
0.224
0.771
0.48
0.901
0.697
0.639
0.73
0.366
0.013
0.762
0.141
0.033
0.813
0.235
0.404
0.364
0.261
0.886
0.627
0.732
0.481
0.744
0.934
0.292
0.033
0.07
0.152
0.605
0.165
0.121
0.521
0.368
0.532
0.396
0.239
0.407
0.655
0.472
0.335
0.362
0.823
0.656
0.779
0.63
0.967
0.396
0.278
0.717
0.339
0.454
0.805
0.131
0.602
0.939
0.724
0.761
0.142
0.269
0.037
0.09
0.207
0.863
0.986
0.957
0.798
0.106
0.601
0.322
0.494
0.685
0.196
0.287
0.857
0.442
0.616
0.072
0.558
0.871
0.52
0.551
0.812
0.69
0.686
0.672
0.69
0.684
0.515
0.475
0.262
0.9
0.553
0.755
0.181
0.472
0.494
0.564
0.276
0.215
0.78
0.867
0.075
0.862
0.888
0.38
0.066
0.391
0.437
0.301
0.606
0.332
0.53
0.93
0.14
0.982
0.834
0.248
0.321
0.901
0.527
0.889
0.435
0.494
0.334
0.854
0.718
0.726
0.067
0.304
0.248
0.953
0.452
0.956
0.013
0.666
0.911
0.961
0.709
0.632
0.57
0.946
0.698
0.612
0.254
0.929
0.624
0.751
0.431
0.811
0.811
0.747
0.288
0.078
0.707
0.686
0.141
0.888
0.649
0.062
0.276
0.852
0.156
0.057
0.261
0.953
0.303
0.478
0.16
0.568
0.623
0.921
0.084
0.235
0.968
0.23
0.976
0.853
0.565
0.406
0.863
0.202
0.885
0.292
0.668
0.585
0.985
0.361
0.536
0.957
0.951
0.814
0.382
0.005
0.982
0.534
0.529
0.118
0.853
0.246
0.194
0.459
0.258
0.843
0.81
0.348
0.324
0.982
0.75
0.994
0.015
0.193
0.818
0.671
0.927
0.343
0.47
0.851
0.756
0.8
0.719
0.76
0.609
0.037
0.796
0.769
0.87
0.131
0.139
0.349
0.832
0.896
0.691
0.695
0.85
0.231
0.343
0.319
0.305
0.034
0.06
0.856
0.331
0.699
0.194
0.395
0.391
0.552
0.872
0.061
0.364
0.807
0.437
0.921
0.768
0.992
0.829
0.765
0.22
0.319
0.161
0.503
0.777
0.887
0.548
0.003
0.242
0.049
0.724
0.325
0.359
0.977
0.516
0.18
0.277
0.319
0.152
0.192
0.274
0.243
0.871
0.052
0.044
0.802
0.997
0.939
0.127
0.53
0.948
0.793
0.716
0.105
0.871
0.377
0.564
0.871
0.085
0.946
0.07
0.892
0.261
0.15
0.977
0.507
0.349
0.807
0.958
0.757
0.857
0.456
0.39
0.967
0.378
0.652
0.421
0.769
0.291
0.588
0.277
0.663
0.215
0.552
0.893
0.313
0.116
0.704
0.528
0.585
0.019
0.735
0.771
0.875
0.065
0.765
0.892
0.285
0.259
0.467
0.295
0.286
0.524
0.113
0.339
0.517
0.412
0.21
0.329
0.303
0.482
0.274
0.099
0.885
0.21
0.972
0.462
0.209
0.2
0.915
0.655
0.548
0.419
0.229
0.571
0.663
0.211
0.689
0.207
0.619
0.426
0.673
0.996
0.651
0.34
0.159
0.686
0.533
0.356
0.665
0.597
0.937
0.806
0.185
0.996
0.968
0.201
0.738
0.596
0.891
0.754
0.571
0.589
0.736
0.459
0.081
0.707
0.276
0.405
0.592
0.633
0.268
0.97
0.229
0.272
0.802
0.497
0.236
0.677
0.694
0.664
0.766
0.51
0.14
0.775
0.152
0.476
0.543
0.158
0.098
0.203
0.845
0.417
0.68
0.113
0.02
0.85
0.084
0.679
0.995
0.617
0.458
0.143
0.82
0.624
0.475
0.227
0.872
0.238
0.253
0.865
0.689
0.574
0.393
0.359
0.208
0.483
0.405
0.624
0.041
0.374
0.543
0.387
0.235
0.522
0.26
0.824
0.22
0.139
0.653
0.593
0.009
0.297
0.585
0.609
0.104
0.119
0.843
0.24
0.569
0.203
0.988
0.397
0.71
0.633
0.002
0.259
0.271
0.256
0.076
0.449
0.515
0.803
0.163
0.537
0.42
0.832
0.742
0.718
0.726
0.382
0.266
0.883
0.402
0.073
0.802
0.703
0.894
0.263
0.324
0.08
0.605
0.207
0.698
0.681
0.61
0.77
0.409
0.188
0.759
0.225
0.06
0.304
0.716
0.866
0.932
0.551
0.179
0.643
0.606
0.636
0.731
0.695
0.462
0.251
0.422
0.762
0.738
0.103
0.25
0.351
0.709
0.943
0.803
0.412
0.557
0.351
0.114
0.685
0.787
0.252
0.4
0.493
0.956
0.77
0.889
0.828
0.917
0.575
0.877
0.293
0.939
0.138
0.854
0.63
0.918
0.837
0.522
0.822
0.623
0.838
0.575
0.59
0.683
0.912
0.923
0.023
0.387
0.008
0.265
0.993
0.159
0.985
0.895
0.217
0.943
0.407
0.706
0.898
0.293
0.241
0.266
0.115
0.179
0.338
0.193
0.567
0.105
0.233
0.49
0.595
0.998
0.662
0.783
0.44
0.373
0.817
0.297
0.19
0.314
0.002
0.908
0.02
0.737
0.868
0.18
0.965
0.612
0.031
0.746
0.363
0.373
0.786
0.082
0.012
0.279
0.812
0.809
0.505
0.657
0.016
0.654
0.217
0.652
0.728
0.31
0.874
0.045
0.467
0.151
0.587
0.739
0.754
0.737
0.406
0.024
0.366
0.761
0.989
0.936
0.805
0.088
0.97
0.937
0.359
0.099
0.229
0.764
0.5
0.42
0.935
0.088
0.291
0.739
0.452
0.27
0.114
0.776
0.642
0.452
0.543
0.66
0.071
0.327
0.409
0.037
0.923
0.58
1.0
0.539
0.478
0.137
0.156
0.623
0.108
0.378
0.752
0.241
0.146
0.889
0.821
0.423
0.055
0.277
0.744
0.774
0.095
0.697
0.584
0.508
0.294
0.822
0.674
0.321
0.716
0.21
0.457
0.27
0.86
0.42
0.884
0.803
0.829
0.827
0.438
0.216
0.1
0.124
0.678
0.401
0.744
0.608
0.303
0.013
0.127
0.016
0.598
0.337
0.139
0.852
0.984
0.214
0.305
0.508
0.776
0.383
0.818
0.784
0.886
0.929
0.682
0.536
0.206
0.21
0.439
0.607
0.845
0.154
0.221
0.471
0.213
0.271
0.144
0.417
0.61
0.19
0.876
0.544
0.751
0.363
0.031
0.717
0.953
0.905
0.974
0.93
0.71
0.907
0.262
0.526
0.078
0.346
0.071
0.228
0.364
0.831
0.325
0.799
0.193
0.416
0.977
0.446
0.819
0.987
0.032
0.584
0.823
0.898
0.049
0.425
0.783
0.117
0.627
0.808
0.436
0.197
0.222
0.538
0.406
0.526
0.509
0.281
0.159
0.211
0.874
0.331
0.157
0.541
0.046
0.486
0.27
0.621
0.35
0.278
0.232
0.863
0.358
0.725
0.171
0.312
0.638
0.694
0.422
0.536
0.822
0.412
0.578
0.695
0.511
0.88
0.205
0.783
0.555
0.017
0.158
0.917
0.628
0.868
0.879
0.825
0.656
0.609
0.894
0.542
0.842
0.696
0.179
0.983
0.229
0.536
0.545
0.334
0.103
0.676
0.841
0.497
0.249
0.333
0.3
0.144
0.764
0.74
0.05
0.216
0.444
0.616
0.403
0.21
0.708
0.331
0.184
0.803
0.173
0.51
0.045
0.533
0.588
0.781
0.018
0.029
0.372
0.279
0.281
0.838
0.418
0.705
0.825
0.086
0.987
0.457
0.3
0.583
0.653
0.95
0.11
0.22
0.186
0.611
0.717
0.414
0.966
0.356
0.199
0.803
0.027
0.767
0.599
0.062
0.221
0.803
0.384
0.221
0.442
0.937
0.752
0.596
0.834
0.1
0.65
0.284
0.574
0.216
0.934
0.681
0.508
0.466
0.084
0.563
0.406
0.448
0.581
0.266
0.589
0.872
0.662
0.856
0.738
0.312
0.86
0.485
0.493
0.634
0.296
0.09
0.616
0.085
0.233
0.315
0.408
0.226
0.935
0.229
0.15
0.431
0.584
0.757
0.281
0.313
0.618
0.648
0.045
0.772
0.733
0.039
0.074
0.071
0.156
0.635
0.369
0.354
0.325
0.276
0.161
0.83
0.605
0.589
0.709
0.904
0.092
0.977
0.93
0.987
0.832
0.653
0.205
0.106
0.184
0.593
0.63
0.897
0.207
0.095
0.731
0.396
0.402
0.235
0.001
0.297
0.827
0.903
0.203
0.086
0.324
0.727
0.36
0.858
0.823
0.355
0.146
0.024
0.855
0.468
0.42
0.541
0.561
0.678
0.199
0.938
0.7
0.35
0.936
0.266
0.601
0.25
0.003
0.074
0.222
0.965
0.841
0.464
0.56
0.718
0.916
0.09
0.378
0.051
0.665
0.975
0.325
0.944
0.198
0.287
0.374
0.487
0.113
0.736
0.752
0.198
0.811
0.534
0.801
0.297
0.025
0.609
0.937
0.741
0.247
0.962
0.286
0.231
0.482
0.479
0.568
0.278
0.041
0.255
0.942
0.511
0.486
0.704
0.533
0.474
0.484
0.91
0.148
0.691
0.878
0.749
0.033
0.057
0.418
0.069
0.643
0.129
0.793
0.375
0.319
0.956
0.762
0.388
0.347
0.073
0.308
0.19
0.768
0.901
0.289
0.421
0.068
0.365
0.864
0.813
0.09
0.031
0.322
0.854
0.441
0.199
0.995
0.498
0.11
0.331
0.196
0.549
0.502
0.057
0.505
0.327
0.631
0.211
0.842
0.001
0.318
0.662
0.576
0.307
0.933
0.947
0.531
0.504
0.981
0.434
0.919
0.745
0.449
0.184
0.734
0.051
0.443
0.993
0.744
0.879
0.536
0.347
0.871
0.006
0.544
0.587
0.42
0.07
0.8
0.478
0.182
0.311
0.196
0.649
0.893
0.864
0.592
0.352
0.302
0.714
0.827
0.67
0.123
0.588
0.699
0.28
0.801
0.601
0.69
0.6
0.641
0.891
0.744
0.061
0.748
0.754
0.696
0.851
0.275
0.63
0.422
0.209
0.683
0.227
0.178
0.679
0.038
0.483
0.904
0.169
0.895
0.153
0.331
0.262
0.037
0.821
0.153
0.073
0.306
0.935
0.662
0.66
0.341
0.231
0.434
0.008
0.248
0.174
0.496
0.999
0.24
0.222
0.944
0.188
0.359
0.234
0.998
0.92
0.998
0.087
0.363
0.758
0.056
0.79
0.46
0.271
0.32
0.397
0.405
0.158
0.757
0.156
0.277
0.047
0.214
0.187
0.16
0.881
0.079
0.943
0.967
0.655
0.452
0.793
0.651
0.488
0.118
0.245
0.772
0.163
0.826
0.148
0.799
0.186
0.633
0.269
0.785
0.685
0.581
0.195
0.191
0.06
0.956
0.868
0.37
0.939
0.736
0.219
0.404
0.633
0.695
0.61
0.316
0.421
0.185
0.879
0.931
0.026
0.502
0.452
0.449
0.106
0.211
0.703
0.706
0.22
0.484
0.837
0.82
0.51
0.923
0.294
0.721
0.91
0.982
0.553
0.967
0.605
0.216
0.688
0.762
0.01
0.451
0.102
0.29
0.032
0.543
0.754
0.889
0.778
0.111
0.659
0.088
0.754
0.148
0.299
0.564
0.461
0.293
0.271
0.741
0.893
0.269
0.123
0.386
0.15
0.462
0.039
0.064
0.25
0.448
0.133
0.655
0.231
0.983
0.292
0.946
0.008
0.188
0.902
0.903
0.953
0.095
0.158
0.88
0.254
0.144
0.616
0.746
0.422
0.097
0.545
0.545
0.608
0.247
0.916
0.011
0.715
0.505
0.758
0.493
0.089
0.684
0.613
0.177
0.471
0.646
0.806
0.638
0.021
0.291
0.078
0.918
0.081
0.756
0.41
0.197
0.167
0.379
0.744
0.618
0.956
0.239
0.465
0.912
0.963
0.307
0.117
0.01
0.927
0.309
0.371
0.134
0.653
0.097
0.615
0.93
0.327
0.613
0.366
0.693
0.656
0.213
0.572
0.521
0.514
0.75
0.135
0.452
0.332
0.109
0.532
0.744
0.635
0.8
0.234
0.897
0.216
0.089
0.528
0.426
0.587
0.643
0.27
0.358
0.385
0.944
0.864
0.498
0.629
0.337
0.202
0.233
0.134
0.996
0.664
0.292
0.329
0.799
0.767
0.915
0.431
0.75
0.212
0.454
0.23
0.371
0.536
0.093
0.085
0.469
0.192
0.413
0.975
0.25
0.334
0.199
0.875
0.861
0.166
0.156
0.092
0.146
0.632
0.748
0.048
0.416
0.922
0.398
0.848
0.381
0.359
0.082
0.83
0.228
0.2
0.591
0.375
0.403
0.723
0.04
0.779
0.464
0.752
0.511
0.674
0.423
0.343
0.564
0.871
0.317
0.798
0.617
0.875
0.255
0.865
0.909
0.108
0.724
0.785
0.337
0.488
0.931
0.374
0.83
0.149
0.934
0.19
0.062
0.143
0.32
0.991
0.19
0.708
0.41
0.619
0.512
0.079
0.665
0.887
0.755
0.443
0.677
0.632
0.208
0.745
0.45
0.317
0.577
0.44
0.047
0.255
0.679
0.151
0.965
0.968
0.359
0.487
0.935
0.138
0.579
0.244
0.429
0.078
0.709
0.22
0.993
0.698
0.105
0.501
0.271
0.13
0.78
0.833
0.999
0.236
0.16
0.801
0.921
0.886
0.894
0.632
0.582
0.065
0.398
0.305
0.933
0.402
0.377
0.601
0.592
0.949
0.079
0.787
0.127
0.585
0.465
0.866
0.454
0.773
0.217
0.939
0.448
0.384
0.665
0.59
0.972
0.035
0.296
0.321
0.335
0.617
0.783
0.745
0.68
0.836
0.627
0.203
0.918
0.487
0.027
0.438
0.047
0.058
0.808
0.124
0.065
0.537
0.003
0.194
0.262
0.74
0.516
0.737
0.149
0.199
0.342
0.122
0.517
0.572
0.016
0.074
0.175
0.649
0.754
0.359
0.498
0.465
0.092
0.799
0.919
0.291
0.434
0.071
0.251
0.422
0.809
0.568
0.068
0.965
0.686
0.832
0.947
0.884
0.436
0.402
0.445
0.953
0.649
0.436
0.434
0.084
0.937
0.109
0.741
0.27
0.578
0.055
0.834
0.912
0.295
0.911
0.166
0.275
0.055
0.093
0.299
0.203
0.422
0.226
0.682
0.195
0.128
0.933
0.982
0.031
0.612
0.351
0.606
0.917
0.362
0.506
0.356
0.6
0.991
0.745
0.639
0.422
0.063
0.623
0.602
0.362
0.204
0.811
0.594
0.15
0.305
0.497
0.824
0.289
0.756
0.188
0.846
0.134
0.566
0.08
0.015
0.703
0.593
0.899
0.179
0.939
0.23
0.767
0.282
0.692
0.128
0.693
0.484
0.497
0.652
0.275
0.605
0.546
0.734
0.465
0.844
0.714
0.57
0.37
0.989
0.984
0.775
0.631
0.278
0.781
0.646
0.229
0.251
0.35
0.573
0.55
0.483
0.447
0.046
0.548
0.479
0.416
0.438
0.346
0.119
0.361
0.17
0.567
0.784
0.909
0.466
0.696
0.085
0.164
0.43
0.983
0.615
0.558
0.726
0.237
0.743
0.053
0.151
0.041
0.993
0.707
0.36
0.684
0.786
0.964
0.619
0.55
0.14
0.592
0.341
0.341
0.166
0.007
0.029
0.032
0.691
0.91
0.699
0.33
0.957
0.678
0.785
0.908
0.351
0.294
0.0
0.437
0.62
0.532
0.97
0.647
0.6
0.83
0.046
0.599
0.597
0.261
0.9
0.433
0.957
0.707
0.918
0.223
0.582
0.521
0.893
0.359
0.278
0.989
0.296
0.023
0.749
0.543
0.169
0.472
0.694
0.699
0.804
0.938
0.177
0.854
0.354
0.662
0.68
0.576
0.926
0.244
0.931
0.636
0.571
0.129
0.036
0.638
0.218
0.397
0.23
0.103
0.454
0.735
0.519
0.132
0.464
0.148
0.784
0.063
0.221
0.537
0.976
0.67
0.835
0.196
0.482
0.759
0.341
0.752
0.184
0.011
0.119
0.832
0.846
0.547
0.494
0.4
0.167
0.143
0.587
0.888
0.86
0.797
0.227
0.044
0.156
0.962
0.916
0.275
0.316
0.937
0.103
0.279
0.593
0.108
0.723
0.219
0.586
0.852
0.492
0.112
0.737
0.192
0.975
0.967
0.598
0.95
0.822
0.099
0.117
0.173
0.973
0.254
0.414
0.421
0.244
0.868
0.808
0.859
0.875
0.877
0.348
0.097
0.297
0.151
0.01
0.557
0.11
0.065
0.914
0.739
0.721
0.274
0.137
0.727
0.372
0.461
0.955
0.95
0.493
0.886
0.713
0.107
0.176
0.325
0.662
0.402
0.455
0.374
0.218
0.561
0.461
0.266
0.03
0.656
0.302
0.389
0.364
0.818
0.542
0.511
0.769
0.838
0.749
0.459
0.368
0.584
0.316
0.714
0.642
0.46
0.006
0.411
0.876
0.708
0.447
0.213
0.571
0.961
0.756
0.529
0.888
0.111
0.554
0.084
0.319
0.343
0.587
0.748
0.808
0.815
0.187
0.515
0.443
0.558
0.322
0.359
0.221
0.12
0.864
0.359
0.184
0.496
0.292
0.952
0.029
0.644
0.745
0.464
0.902
0.649
0.499
0.58
0.245
0.965
0.823
0.372
0.219
0.043
0.453
0.452
0.284
0.139
0.408
0.761
0.232
0.719
0.357
0.428
0.037
0.441
0.134
0.693
0.445
0.194
0.621
0.752
0.785
0.254
0.504
0.913
0.517
0.947
0.212
0.479
0.185
0.287
0.02
0.7
0.25
0.318
0.981
0.432
0.576
0.246
0.416
0.914
0.16
0.486
0.115
0.186
0.746
0.501
0.608
0.564
0.245
0.772
0.667
0.048
0.457
0.593
0.007
0.559
0.761
0.918
0.118
0.049
0.569
0.21
0.046
0.157
0.428
0.028
0.868
0.445
0.38
0.797
0.803
0.07
0.971
0.537
0.009
0.753
0.546
0.454
0.257
0.719
0.658
0.667
0.791
0.708
0.132
0.824
0.198
0.266
0.023
0.059
0.987
0.207
0.952
0.21
0.158
0.635
0.863
0.85
0.588
0.647
0.785
0.825
0.281
0.962
0.497
0.775
0.033
0.995
0.395
0.647
0.64
0.339
0.421
0.755
0.801
0.989
0.901
0.949
0.703
0.041
0.827
0.039
0.499
0.044
0.268
0.927
0.263
0.971
0.705
0.404
0.072
0.389
0.57
0.608
0.166
0.941
0.126
0.379
0.542
0.379
0.807
0.307
0.956
0.128
0.173
0.807
0.994
0.878
0.827
0.385
0.528
0.329
0.684
0.811
0.761
0.075
0.491
0.551
0.838
0.756
0.367
0.644
0.142
0.846
0.847
0.768
0.1
0.38
0.327
0.071
0.947
0.466
0.705
0.471
0.39
0.712
0.05
0.791
0.83
0.024
0.544
0.249
0.381
0.024
0.948
0.108
0.557
0.436
0.833
0.18
0.349
0.762
0.336
0.453
0.859
0.428
0.488
0.117
0.005
0.34
0.823
0.392
0.506
0.251
0.805
0.977
0.931
0.764
0.258
0.866
0.761
0.245
0.42
0.44
0.561
0.948
0.929
0.258
0.202
0.62
0.655
0.305
0.323
0.136
0.606
0.776
0.344
0.927
0.387
0.587
0.304
0.689
0.994
0.374
0.34
0.293
0.46
0.329
0.499
0.85
0.239
0.712
0.079
0.552
0.315
0.979
0.598
0.058
0.154
0.905
0.717
0.737
0.574
0.642
0.12
0.108
0.684
0.454
0.133
0.976
0.467
0.903
0.775
0.915
0.819
0.396
0.565
0.853
0.908
0.391
0.4
0.398
0.331
0.165
0.165
0.142
0.657
0.071
0.082
0.791
0.539
0.22
0.586
0.346
0.438
0.668
0.805
0.343
0.458
0.273
0.893
0.346
0.846
0.836
0.962
0.443
0.284
0.957
0.966
0.738
0.559
0.311
0.467
0.824
0.915
0.655
0.183
0.068
0.497
0.569
0.585
0.844
0.648
0.504
0.066
0.068
0.598
0.284
0.301
0.429
0.171
0.418
0.442
0.993
0.287
0.861
0.997
0.395
0.931
0.01
0.86
0.481
0.298
0.453
0.199
0.99
0.329
0.964
0.904
0.5
0.046
0.939
0.015
0.967
0.855
0.915
0.271
0.706
0.833
0.407
0.267
0.84
0.307
0.451
0.039
0.523
0.742
0.673
0.179
0.883
0.933
0.459
0.523
0.666
0.958
0.964
0.305
0.539
0.624
0.137
0.327
0.788
0.496
0.092
0.663
0.361
0.513
0.585
0.208
0.318
0.607
0.543
0.472
0.335
0.81
0.133
0.647
0.676
0.975
0.586
0.075
0.147
0.354
0.182
0.423
0.125
0.384
0.909
0.138
0.688
0.09
0.215
0.43
0.977
0.098
0.581
0.812
0.531
0.803
0.39
0.319
0.631
0.644
0.641
0.522
0.244
0.707
0.838
0.236
0.262
0.421
0.628
0.9
0.537
0.955
0.741
0.285
0.414
0.924
0.592
0.922
0.579
0.882
0.564
0.938
0.145
0.166
0.7
0.347
0.661
0.596
0.737
0.328
0.514
0.886
0.143
0.618
0.583
0.232
0.909
0.602
0.657
0.82
0.658
0.019
0.193
0.758
0.718
0.654
0.255
0.836
0.948
0.307
0.897
0.131
0.073
0.637
0.414
0.57
0.614
0.504
0.744
0.969
0.115
0.371
0.643
0.022
0.717
0.649
0.363
0.071
0.717
0.254
0.549
0.039
0.793
0.899
0.132
0.319
0.754
0.095
0.197
0.324
0.391
0.422
0.219
0.403
0.855
0.756
0.557
0.739
0.997
0.32
0.211
0.641
0.62
0.616
0.809
0.538
0.296
0.12
0.193
0.146
0.266
0.615
0.804
0.095
0.464
0.998
0.432
0.081
0.532
0.43
0.868
0.034
0.51
0.815
0.637
0.694
0.6
0.958
0.244
0.26
0.832
0.248
0.28
0.706
0.777
0.909
0.163
0.039
0.826
0.178
0.338
0.841
0.761
0.01
0.724
0.623
0.745
0.724
0.212
0.916
0.191
0.992
0.568
0.288
0.844
0.506
0.895
0.607
0.232
0.211
0.446
0.199
0.663
0.161
0.871
0.537
0.073
0.903
0.732
0.966
0.033
0.47
0.561
0.661
0.871
0.765
0.53
0.677
0.238
0.712
0.087
0.948
0.092
0.358
0.873
0.581
0.861
0.449
0.717
0.02
0.596
0.676
0.197
0.344
0.918
0.741
0.478
0.886
0.389
0.519
0.472
0.98
0.437
0.366
0.531
0.963
0.139
0.586
0.858
0.418
0.971
0.965
0.541
0.314
0.448
0.193
0.147
0.005
0.495
0.591
0.762
0.529
0.208
0.509
0.904
0.96
0.421
0.963
0.685
0.732
0.416
0.835
0.705
0.993
0.061
0.005
0.891
0.448
0.92
0.974
0.304
0.401
0.926
0.759
0.948
0.471
0.519
0.456
0.204
0.407
0.351
0.162
0.748
0.992
0.89
0.875
1.0
0.722
0.479
0.62
0.992
0.618
0.529
0.905
0.922
0.71
0.0
0.343
0.046
0.427
0.407
0.679
0.36
0.907
0.981
0.673
0.947
0.107
0.382
0.354
0.118
0.993
0.916
0.242
0.476
0.879
0.251
0.518
0.439
0.434
0.025
0.15
0.107
0.103
0.998
0.832
0.413
0.887
0.661
0.331
0.194
0.854
0.966
0.788
0.154
0.964
0.138
0.139
0.314
0.457
0.612
0.406
0.402
0.278
0.675
0.398
0.736
0.638
0.755
0.049
0.214
0.654
0.704
0.188
0.874
0.355
0.159
0.138
0.186
0.863
0.775
0.366
0.145
0.161
0.37
0.596
0.086
0.409
0.449
0.515
0.903
0.725
0.84
0.806
0.458
0.138
0.016
0.78
0.657
0.674
0.722
0.349
0.59
0.311
0.97
0.181
0.731
0.659
0.942
0.262
0.003
0.171
0.713
0.948
0.792
0.545
0.573
0.578
0.122
0.741
0.015
0.71
0.956
0.688
0.638
0.487
0.326
0.02
0.947
0.55
0.199
0.648
0.968
0.297
0.07
0.762
0.609
0.387
0.333
0.36
0.357
0.295
0.146
0.44
0.073
0.859
0.003
0.131
0.226
0.233
0.451
0.9
0.64
0.349
0.663
0.475
0.196
0.42
0.748
0.245
0.031
0.408
0.272
0.1
0.417
0.508
0.673
0.415
0.929
0.057
0.131
0.297
0.321
0.238
0.926
0.088
0.617
0.84
0.098
0.265
0.068
0.611
0.319
0.821
0.932
0.167
0.305
0.244
0.704
0.873
0.029
0.123
0.394
1.0
0.111
0.264
0.322
0.973
0.044
0.596
0.253
0.591
0.891
0.385
0.6
0.538
0.919
0.981
0.005
0.87
0.981
0.767
0.934
0.213
0.424
0.994
0.313
0.955
0.217
0.889
0.866
0.543
0.1
0.923
0.895
0.452
0.318
0.837
0.713
0.027
0.13
0.714
0.52
0.436
0.543
0.629
0.01
0.822
0.39
0.945
0.356
0.206
0.04
0.751
0.979
0.255
0.542
0.37
0.665
0.986
0.646
0.463
0.597
0.816
0.474
0.922
0.397
0.119
0.564
0.137
0.974
0.487
0.67
0.358
0.28
0.734
0.001
0.658
0.55
0.326
0.069
0.759
0.015
0.259
0.759
0.42
0.74
0.169
0.721
0.989
0.387
0.872
0.653
0.467
0.449
0.433
0.662
0.706
0.154
0.891
0.973
0.982
0.436
0.428
0.931
0.444
0.563
0.033
0.908
0.576
0.03
0.992
0.501
0.914
0.28
0.596
0.982
0.241
0.745
0.207
0.763
0.764
0.904
0.696
0.644
0.675
0.102
0.19
0.757
0.91
0.195
0.946
0.55
0.788
0.012
0.569
0.998
0.345
0.054
0.219
0.086
0.128
0.452
0.554
0.998
0.253
0.283
0.6
0.809
0.352
0.9
0.193
0.393
0.656
0.816
0.019
0.441
0.938
0.605
0.487
0.305
0.445
0.998
0.368
0.006
0.134
0.518
0.561
0.16
0.122
0.689
0.186
0.818
0.736
0.241
0.427
0.23
0.909
0.705
0.57
0.576
0.472
0.256
0.231
0.443
0.35
0.232
0.449
0.355
0.542
0.564
0.865
0.333
0.947
0.657
0.951
0.332
0.412
0.283
0.814
0.585
0.414
0.156
0.501
0.223
0.107
0.615
0.117
0.415
0.363
0.337
0.975
0.524
0.425
0.596
0.548
0.156
0.111
0.092
0.066
0.81
0.218
0.948
0.028
0.544
0.915
0.483
0.183
0.795
0.539
0.177
0.873
0.661
0.304
0.131
0.827
0.104
0.449
0.48
0.057
0.325
0.48
0.697
0.364
0.006
0.765
0.355
0.332
0.33
0.117
0.69
0.353
0.247
0.954
0.029
0.922
0.29
0.919
0.721
0.811
0.721
0.943
0.053
0.065
0.873
0.881
0.083
0.401
0.671
0.652
0.167
0.451
0.138
0.006
0.585
0.658
0.854
0.784
0.828
0.603
0.473
0.062
0.002
0.289
0.248
0.577
0.525
0.945
0.207
0.644
0.747
0.473
0.133
0.515
0.805
0.965
0.614
0.589
0.824
0.644
0.135
0.784
0.592
0.752
0.63
0.608
0.14
0.586
0.259
0.954
0.318
0.218
0.591
0.532
0.483
0.074
0.937
0.718
0.833
0.621
0.373
0.064
0.51
0.642
0.84
0.708
0.525
0.919
0.436
0.641
0.732
0.852
0.8
0.77
0.644
0.999
0.626
0.622
0.247
0.814
0.148
0.836
0.447
0.409
0.375
0.901
0.766
0.893
0.879
0.159
0.39
0.298
0.325
0.102
0.42
0.094
0.851
0.578
0.34
0.881
0.777
0.816
0.095
0.164
0.99
0.866
0.605
0.474
0.183
0.902
0.67
0.071
0.841
0.511
0.568
0.625
0.935
0.179
0.618
0.432
0.87
0.483
0.957
0.482
0.205
0.379
0.373
0.404
0.766
1.0
0.4
0.857
0.744
0.066
0.321
0.012
0.037
0.293
0.405
0.449
0.418
0.024
0.093
0.131
0.981
0.256
0.365
0.874
0.347
0.708
0.39
0.379
0.765
0.754
0.947
0.068
0.659
0.874
0.108
0.213
0.093
0.323
0.571
0.509
0.484
0.371
0.96
0.319
0.232
0.056
0.724
0.569
0.199
0.034
0.097
0.256
0.607
1.0
0.701
0.835
0.369
0.619
0.106
0.57
0.996
0.292
0.644
0.627
0.408
0.771
0.36
0.551
0.438
0.106
0.282
0.967
0.344
0.186
0.543
0.336
0.572
0.792
0.654
0.739
0.132
0.232
0.506
0.746
0.058
0.537
0.528
0.789
0.259
0.387
0.548
0.892
0.572
0.145
0.697
0.492
0.397
0.566
0.512
0.005
0.544
0.478
0.622
0.574
0.294
0.231
0.622
0.945
0.345
0.401
0.781
0.245
0.148
0.93
0.359
0.407
0.841
0.211
0.605
0.259
0.846
0.284
0.754
0.77
0.433
0.036
0.042
0.279
0.022
0.962
0.282
0.073
0.922
0.459
0.885
0.375
0.412
0.229
0.72
0.517
0.783
0.75
0.468
0.628
0.933
0.13
0.442
0.26
0.474
0.64
0.192
0.341
0.113
0.314
0.263
0.275
0.349
0.935
0.17
0.433
0.23
0.564
0.173
0.036
0.782
0.568
0.269
0.686
0.027
0.09
0.732
0.042
0.343
0.622
0.748
0.708
0.605
0.93
0.356
0.871
0.419
0.963
0.083
0.575
0.334
0.41
0.954
0.71
0.525
0.352
0.177
0.158
0.743
0.1
0.733
0.491
0.45
0.209
0.12
0.745
0.022
0.546
0.172
0.7
0.426
0.381
0.661
0.267
0.147
0.911
0.026
0.369
0.659
0.682
0.413
0.764
0.113
0.533
0.44
0.336
0.195
0.301
0.662
0.678
0.64
0.553
0.178
0.919
0.176
0.194
0.964
0.48
0.873
0.721
0.911
0.164
0.508
0.98
0.069
0.454
0.375
0.77
0.779
0.271
0.725
0.889
0.664
0.003
0.791
0.01
0.206
0.717
0.782
0.648
0.544
0.822
0.589
0.92
0.337
0.617
0.968
0.155
0.875
0.128
0.97
0.358
0.973
0.729
0.948
0.364
0.333
0.002
0.604
0.827
0.4
0.028
0.342
0.838
0.596
0.359
0.718
0.883
0.602
0.939
0.85
0.354
0.093
0.194
0.496
0.923
0.864
0.789
0.688
0.308
0.614
0.044
0.628
0.811
0.955
0.181
0.443
0.31
0.241
0.321
0.777
0.439
0.024
0.525
0.258
0.046
0.522
0.736
0.778
0.183
0.822
0.75
0.408
0.771
0.982
0.47
0.747
0.047
0.667
0.417
0.11
0.963
0.395
0.709
0.988
0.752
0.074
0.102
0.406
0.23
0.981
0.948
0.443
0.22
0.878
0.851
0.281
0.737
0.625
0.258
0.522
0.36
0.761
0.679
0.015
0.24
0.88
0.891
0.183
0.416
0.286
0.801
0.683
0.746
0.649
0.824
0.524
0.339
0.49
0.78
0.151
0.1
0.186
0.635
0.003
0.675
0.256
0.128
0.79
0.305
0.615
0.643
0.055
0.262
0.046
0.745
0.885
0.679
0.094
0.499
0.062
0.791
0.982
0.193
0.966
0.397
0.99
0.811
0.976
0.688
0.291
0.401
0.467
0.704
0.966
0.72
0.886
0.746
0.91
0.625
0.388
0.83
0.045
0.332
0.359
0.443
0.178
0.714
0.197
0.523
0.141
0.28
0.426
0.027
0.497
0.469
0.688
0.304
0.375
0.754
0.297
0.003
0.942
0.175
0.048
0.101
0.065
0.139
0.599
0.258
0.265
0.438
0.894
0.476
0.413
0.895
0.69
0.065
0.068
0.471
0.389
0.447
0.088
0.332
0.343
0.179
0.089
0.618
0.859
0.708
0.683
0.647
0.525
0.728
0.658
0.642
0.209
0.293
0.101
0.829
0.728
0.796
0.447
0.312
0.06
0.23
0.968
0.532
0.168
0.943
0.185
0.696
0.069
0.458
0.126
0.653
0.121
0.257
0.748
0.658
0.01
0.748
0.076
0.573
0.58
0.475
0.01
0.398
0.964
0.746
0.879
0.123
0.709
0.134
0.451
0.849
0.209
0.626
0.201
0.798
0.533
0.136
0.96
0.374
0.885
0.462
0.825
0.825
0.742
0.76
0.887
0.676
0.488
0.843
0.02
0.17
0.03
0.139
0.494
0.593
0.579
0.783
0.648
0.932
0.507
0.871
0.365
0.919
0.592
0.748
0.616
0.94
0.46
0.762
0.121
0.259
0.378
0.679
0.777
0.471
0.928
0.346
0.848
0.817
0.273
0.254
0.749
0.832
0.684
0.22
0.372
0.659
0.018
0.545
0.724
0.503
0.596
0.94
0.591
0.676
0.626
0.957
0.026
0.842
0.029
0.938
0.618
0.794
0.444
0.967
0.955
0.418
0.119
0.886
0.77
0.388
0.412
0.533
0.582
0.95
0.979
0.245
0.398
0.437
0.602
0.242
0.055
0.103
0.172
0.191
0.946
0.626
0.416
0.711
0.588
0.321
0.78
0.507
0.546
0.999
0.325
0.738
0.957
0.751
0.553
0.383
0.342
0.462
0.718
0.131
0.266
0.631
0.849
0.662
0.234
0.329
0.472
0.093
0.417
0.866
0.744
0.283
0.136
0.299
0.985
0.824
0.994
0.748
0.329
0.593
0.71
0.088
0.947
0.376
0.414
0.589
0.552
0.328
0.853
0.585
0.296
0.732
0.98
0.084
0.349
0.853
0.243
0.794
0.266
0.466
0.18
0.345
0.664
0.779
0.847
0.334
0.658
0.731
0.405
0.259
0.39
0.093
0.284
0.903
0.6
0.063
0.07
0.062
0.596
0.231
0.804
0.37
0.997
0.566
0.607
0.523
0.716
0.667
0.959
0.894
0.238
0.928
0.546
0.013
0.924
0.947
0.067
0.95
0.014
0.903
0.673
0.709
0.495
0.655
0.396
0.625
0.994
0.513
0.542
0.368
0.29
0.585
0.083
0.608
0.494
0.647
0.791
0.507
0.431
0.983
0.35
0.281
0.945
0.83
0.708
0.026
0.54
0.766
0.349
0.156
0.376
0.893
0.933
0.571
0.515
0.336
0.115
0.448
0.38
0.958
0.203
0.858
0.412
0.081
0.222
0.016
0.427
0.755
0.407
0.028
0.254
0.786
0.43
0.035
0.647
0.939
0.732
0.239
0.336
0.75
0.063
0.541
0.357
0.922
0.764
0.654
0.302
0.472
0.854
0.136
0.755
0.141
0.467
0.276
0.806
0.881
0.549
0.852
0.735
0.814
0.907
0.143
0.472
0.097
0.792
0.8
0.666
0.152
0.451
0.077
0.287
0.108
0.751
0.371
0.578
0.854
0.703
0.381
0.033
0.131
0.908
0.305
0.396
0.479
0.088
0.624
0.885
0.728
0.971
0.984
0.135
0.391
0.298
0.667
0.278
0.271
0.166
0.357
0.544
0.018
0.185
0.231
0.354
0.888
0.418
0.419
0.537
0.879
0.026
0.987
0.402
0.052
0.742
0.932
0.035
0.478
0.988
0.251
0.016
0.279
0.969
0.86
0.253
0.282
0.974
0.77
0.254
0.464
0.594
0.945
0.989
0.595
0.22
0.45
0.047
0.321
0.921
0.504
0.811
0.883
0.963
0.125
0.516
0.929
0.553
0.882
0.492
0.652
0.073
0.229
0.471
0.628
0.018
0.148
0.843
0.144
0.679
0.738
0.764
0.426
0.885
0.773
0.262
0.136
0.535
0.346
0.435
0.737
0.745
0.487
0.36
0.321
0.019
0.058
0.059
0.045
0.493
0.866
0.826
0.964
0.141
0.036
0.479
0.843
0.052
0.019
0.911
0.704
0.045
0.828
0.241
0.739
0.661
0.804
0.866
0.4
0.87
0.185
0.61
0.424
0.207
0.255
0.103
0.251
0.353
0.17
0.267
0.836
0.74
0.307
0.866
0.919
0.131
0.2
0.841
0.308
0.878
0.534
0.005
0.832
0.117
0.914
0.997
0.318
0.206
0.89
0.888
0.03
0.086
0.214
0.691
0.024
0.878
0.61
0.379
0.863
0.993
0.957
0.072
0.588
0.26
0.786
0.888
0.191
0.904
0.787
0.294
0.1
0.537
0.462
0.084
0.688
0.139
0.101
0.566
0.999
0.108
0.25
0.329
0.379
0.12
0.517
0.546
0.622
0.721
0.626
0.814
0.875
0.237
0.796
0.753
0.674
0.593
0.962
0.492
0.112
0.014
0.193
0.68
0.121
0.848
0.671
0.24
0.724
0.802
0.969
0.262
0.772
0.57
0.703
0.882
0.732
0.946
0.572
0.742
0.312
0.018
0.781
0.62
0.772
0.095
0.57
0.146
0.557
0.308
0.313
0.375
0.924
0.047
0.537
0.635
0.864
0.505
0.499
0.125
0.463
0.455
0.836
0.154
0.634
0.134
0.547
0.54
0.055
0.857
0.465
0.307
0.729
0.632
0.022
0.06
0.257
0.773
0.047
0.134
0.051
0.481
0.055
0.663
0.784
0.282
0.637
0.951
0.703
0.287
0.96
0.494
0.478
0.403
0.323
0.721
0.266
0.086
0.575
0.369
0.995
0.53
0.117
0.357
0.014
0.479
0.158
0.827
0.757
0.62
0.043
0.446
0.45
0.514
0.356
0.582
0.761
0.531
0.359
0.836
0.097
0.83
0.096
0.998
0.346
0.907
0.422
0.66
0.798
0.703
0.313
0.338
0.792
0.12
0.035
0.607
0.781
0.219
0.634
0.094
0.883
0.868
0.156
0.743
0.733
0.41
0.692
0.647
0.157
0.632
0.827
0.798
0.535
0.223
0.265
0.374
0.189
0.423
0.099
0.107
0.668
0.777
0.663
0.314
0.585
0.726
0.933
0.648
0.842
0.576
0.942
0.049
0.672
0.79
0.632
0.465
0.769
0.855
0.06
0.71
0.275
0.142
0.482
0.552
0.665
0.712
0.735
0.5
0.889
0.857
0.135
0.932
0.606
0.892
0.461
0.548
0.297
0.191
0.195
0.391
0.411
0.603
0.664
0.274
0.99
0.147
0.51
0.874
0.411
0.371
0.645
0.237
0.308
0.229
0.215
0.213
0.769
0.693
0.87
0.629
0.961
0.291
0.767
0.244
0.352
0.703
0.978
0.823
0.48
0.81
0.079
0.947
0.887
0.597
0.592
0.679
0.269
0.896
0.346
0.565
0.522
0.363
0.728
0.075
0.488
0.139
0.953
0.787
0.567
0.306
0.807
0.27
0.74
0.604
0.973
0.253
0.206
0.876
0.817
0.423
0.579
0.809
0.724
0.027
0.861
0.546
0.456
0.819
0.441
0.777
0.736
0.613
0.499
0.964
0.219
0.042
0.688
0.163
0.041
0.379
0.718
0.625
0.688
0.395
0.62
0.209
0.317
0.054
0.583
0.838
0.39
0.909
0.528
0.189
0.197
0.555
0.376
0.418
0.959
0.302
0.639
0.373
0.35
0.278
0.896
0.074
0.434
0.807
0.826
0.012
0.757
0.076
0.49
0.532
0.601
0.116
0.344
0.709
0.145
0.326
0.03
0.86
0.314
0.454
0.909
0.64
0.175
0.297
0.746
0.44
0.85
0.361
0.565
0.349
0.417
0.15
0.571
0.751
0.072
0.037
0.257
0.159
0.093
0.24
0.086
0.074
0.09
0.419
0.008
0.564
0.057
0.722
0.167
0.743
0.223
0.979
0.069
0.978
0.787
0.658
0.479
0.783
0.459
0.72
0.738
0.005
0.225
0.648
0.671
0.172
0.009
0.654
0.018
0.857
0.671
0.634
0.172
0.001
0.091
0.128
0.447
0.136
0.097
0.779
0.552
0.707
0.969
0.66
0.875
0.97
0.986
0.209
0.458
0.864
0.719
0.228
0.196
0.451
0.317
0.306
0.064
0.957
0.645
0.676
0.359
0.92
0.201
0.229
0.729
0.979
0.803
0.928
0.589
0.912
0.748
0.826
0.543
0.569
0.015
0.498
0.171
0.36
0.733
0.37
0.911
0.817
0.3
0.634
0.612
0.087
0.717
0.299
0.873
0.206
0.676
0.51
0.643
0.379
0.55
0.356
0.563
0.774
0.165
0.31
0.446
0.607
0.012
0.705
0.542
0.879
0.453
0.619
0.811
0.842
0.597
0.17
0.837
0.327
0.87
0.589
0.347
0.079
0.137
0.934
0.837
0.214
0.624
0.592
0.867
0.883
0.634
0.523
0.794
0.902
0.469
0.833
0.468
0.893
0.246
0.987
0.985
0.059
0.188
0.887
0.066
0.394
0.94
0.307
0.347
0.15
0.643
0.511
0.185
0.483
0.008
0.549
0.118
0.201
0.566
0.122
0.844
0.454
0.485
0.088
0.845
0.033
0.04
0.929
0.737
0.809
0.112
0.054
0.374
0.046
0.863
0.743
0.594
0.426
0.058
0.236
0.374
0.386
0.514
0.72
0.254
0.743
0.984
0.297
0.259
0.625
0.773
0.754
0.993
0.822
0.913
0.517
0.202
0.805
0.603
0.665
0.409
0.365
0.834
0.509
0.876
0.202
0.463
0.829
0.356
0.575
0.019
0.575
0.908
0.16
0.974
0.788
0.391
0.504
0.877
0.496
0.562
0.021
0.943
0.751
0.327
0.949
0.198
0.337
0.654
0.4
0.046
0.746
0.07
0.751
0.26
0.868
0.688
0.968
0.554
0.707
0.09
0.022
0.198
0.03
0.584
0.821
0.407
0.131
0.086
0.944
0.783
0.726
0.175
0.054
0.339
0.687
0.292
0.025
0.634
0.275
0.026
0.815
0.713
0.82
0.894
0.158
0.853
0.706
0.869
0.499
0.773
0.299
0.74
0.763
0.334
0.236
0.509
0.434
0.963
0.739
0.147
0.441
0.652
0.75
0.632
0.314
0.13
0.285
0.062
0.381
0.501
0.913
0.637
0.812
0.941
0.318
0.844
0.2
0.764
0.877
0.426
0.494
0.225
0.251
0.76
0.414
0.732
0.049
0.113
0.948
0.991
0.683
0.609
0.346
0.677
0.312
0.802
0.107
0.157
0.33
0.612
0.849
0.564
0.191
0.178
0.967
0.647
0.57
0.934
0.654
0.633
0.417
0.622
0.667
0.662
0.367
0.548
0.744
0.238
0.972
0.311
0.189
0.856
0.616
0.178
0.22
0.476
0.007
0.711
0.474
0.106
0.577
0.019
0.389
0.914
0.006
0.324
0.389
0.518
0.775
0.882
0.54
0.647
0.204
0.004
0.498
0.868
0.657
0.749
0.482
0.342
0.122
0.851
0.056
0.591
0.071
0.296
0.65
0.625
0.909
0.951
0.062
0.001
0.977
0.291
0.991
0.218
0.737
0.983
0.054
0.656
0.777
0.385
0.886
0.438
0.859
0.814
0.11
0.757
0.628
0.187
0.123
0.117
0.056
0.821
0.195
0.029
0.004
0.155
0.22
0.386
0.994
0.813
0.9
0.652
0.286
0.861
0.751
0.696
0.42
0.292
0.179
0.805
0.868
0.787
0.76
0.789
0.947
0.996
0.862
0.351
0.793
0.827
0.981
0.237
0.372
0.971
0.932
0.02
0.194
0.169
0.433
0.702
0.35
0.883
0.295
0.16
0.339
0.835
0.025
0.635
0.084
0.178
0.946
0.282
0.451
0.604
0.049
0.553
0.081
0.951
0.74
0.841
0.463
0.541
0.079
0.58
0.234
0.136
0.16
0.206
0.762
0.213
0.642
0.752
0.289
0.751
0.064
0.02
0.416
0.303
0.571
0.513
0.741
0.398
0.032
0.147
0.37
0.447
0.295
0.689
0.624
0.185
0.09
0.526
0.785
0.442
0.281
0.788
0.745
0.678
0.474
0.711
0.902
0.968
0.962
0.118
0.2
0.587
0.987
0.272
0.423
0.414
0.165
0.38
0.769
0.302
0.737
0.822
0.356
0.76
0.388
0.102
0.691
0.795
0.776
0.066
0.418
0.961
0.184
0.296
0.327
0.635
0.166
0.467
0.618
0.323
0.318
0.981
0.392
0.184
0.289
0.401
0.227
0.566
0.333
0.509
0.085
0.714
0.486
0.837
0.976
0.204
0.774
0.767
0.521
0.509
0.46
0.133
0.235
0.188
0.191
0.126
0.255
0.614
0.024
0.865
0.4
0.168
0.864
0.35
0.616
0.184
0.452
0.899
0.304
0.356
0.473
0.727
0.089
0.723
0.703
0.852
0.589
0.495
0.644
0.118
0.988
0.995
0.918
0.971
0.424
0.757
0.091
0.478
0.71
0.345
0.059
0.027
0.44
0.646
0.918
0.924
0.45
0.965
0.309
0.487
0.534
0.329
0.547
0.713
0.102
0.401
0.829
0.146
0.966
0.044
0.69
0.357
0.716
0.338
0.658
0.423
0.546
0.067
0.138
0.438
0.448
0.361
0.157
0.931
0.961
0.648
0.288
0.207
0.878
0.559
0.774
0.968
0.313
0.754
0.538
0.31
0.151
0.584
0.332
0.782
0.299
0.44
0.198
0.581
0.0
0.27
0.715
0.622
0.357
0.659
0.745
0.09
0.615
0.306
0.347
0.098
0.256
0.819
0.289
0.712
0.962
0.488
0.571
0.526
0.681
0.602
0.846
0.862
0.715
0.822
0.698
0.204
0.531
0.232
0.784
0.249
0.587
0.403
0.033
0.597
0.965
0.752
0.737
0.476
0.991
0.452
0.874
0.335
0.998
0.715
0.613
0.064
0.577
0.284
0.433
0.722
0.212
0.419
0.885
0.569
0.906
0.95
0.494
0.184
0.824
0.087
0.346
0.852
0.557
0.192
0.23
0.078
0.307
0.766
0.642
0.656
0.93
0.711
0.271
0.285
0.38
0.834
0.586
0.643
0.864
0.128
0.153
0.347
0.08
0.713
0.741
0.41
0.584
0.364
0.308
0.178
0.042
0.976
0.309
0.21
0.647
0.719
0.752
0.667
0.217
0.211
0.085
0.216
0.914
0.726
0.79
0.301
0.375
0.371
0.63
0.778
0.635
0.698
0.339
0.847
0.828
0.843
0.068
0.671
0.47
0.778
0.803
0.99
0.613
0.804
0.79
0.574
0.732
0.0
0.821
0.039
0.836
0.467
0.819
0.978
0.992
0.899
0.27
0.203
0.31
0.04
0.627
0.236
0.795
0.036
0.091
0.272
0.298
0.645
0.612
0.524
0.739
0.781
0.215
0.452
0.012
0.708
0.76
0.794
0.191
0.294
0.145
0.863
0.566
0.309
0.033
0.76
0.504
0.711
0.634
0.965
0.308
0.976
0.741
0.999
0.659
0.204
0.052
0.178
0.01
0.648
0.646
0.52
0.596
0.171
0.292
0.092
0.538
0.005
0.804
0.295
0.251
0.372
0.366
0.839
0.964
0.657
0.66
0.231
0.113
0.44
0.738
0.398
0.27
0.284
0.313
0.393
0.441
0.182
0.388
0.637
0.08
0.627
0.436
0.115
0.994
0.331
0.534
0.44
0.289
0.091
0.32
0.202
0.554
0.347
0.45
0.015
0.969
0.167
0.127
0.246
0.161
0.262
0.578
0.117
0.579
0.568
0.844
0.693
0.812
0.053
0.541
0.253
0.735
0.134
0.142
0.767
0.695
0.716
0.486
0.884
0.402
0.91
0.784
0.939
0.581
0.052
0.836
0.539
0.276
0.323
0.408
0.728
0.616
0.109
0.948
0.573
0.995
0.225
0.386
0.872
0.229
0.675
0.435
0.336
0.214
0.96
0.157
0.899
0.509
0.746
0.106
0.793
0.21
0.362
0.499
0.088
0.842
0.719
0.06
0.23
0.768
0.455
0.948
0.166
0.456
0.671
0.864
0.782
0.033
0.125
0.459
0.254
0.515
0.828
0.076
0.781
0.627
0.843
0.905
0.193
0.346
0.69
0.105
0.576
0.394
0.251
0.991
0.419
0.645
0.098
0.76
0.405
0.581
0.821
0.275
0.357
0.015
0.778
0.377
0.18
0.077
0.867
0.165
0.216
0.395
0.345
0.3
0.43
0.96
0.034
0.967
0.79
0.422
0.917
0.679
0.929
0.052
0.887
0.238
0.41
0.039
0.039
0.708
0.971
0.943
0.977
0.655
0.763
0.694
0.928
0.482
0.896
0.12
0.769
0.421
0.804
0.286
0.027
0.005
0.003
0.495
0.847
0.207
0.976
0.412
0.363
0.886
0.175
0.143
0.617
0.321
0.794
0.943
0.492
0.801
0.445
0.588
0.082
0.224
0.117
0.623
0.346
0.516
0.527
0.824
0.008
0.698
0.105
0.637
0.74
0.921
0.717
0.326
0.712
0.168
0.216
0.825
0.457
0.886
0.359
0.854
0.868
0.783
0.362
0.151
0.345
0.157
0.897
0.412
0.194
0.977
0.035
0.36
0.094
0.393
0.314
0.708
0.505
0.956
0.82
0.762
0.029
0.547
0.376
0.732
0.486
0.752
0.812
0.386
0.663
0.035
0.782
0.009
0.241
0.111
0.252
0.516
0.031
0.274
0.193
0.027
0.386
0.531
0.71
0.202
0.033
0.847
0.309
0.102
0.693
0.231
0.792
0.524
0.568
0.111
0.849
0.922
0.119
0.431
0.752
0.999
0.729
0.033
0.152
0.843
0.792
0.227
0.739
0.039
0.553
0.838
0.807
0.546
0.625
0.043
0.948
0.563
0.137
0.951
0.117
0.252
0.367
0.281
0.801
0.84
0.775
0.925
0.034
0.172
0.719
0.203
0.582
0.427
0.988
0.843
0.383
0.924
0.359
0.838
0.282
0.501
0.535
0.002
0.823
0.874
0.984
0.966
0.247
0.146
0.166
0.579
0.87
0.236
0.647
0.921
0.862
0.35
0.107
0.725
0.531
0.66
0.531
0.707
0.075
0.331
0.956
0.665
0.538
0.286
0.264
0.838
0.679
0.493
0.626
0.839
0.471
0.137
0.71
0.694
0.042
0.723
0.489
0.727
0.583
0.872
0.134
0.755
0.502
0.033
0.51
0.834
0.83
0.915
0.289
0.752
0.805
0.087
0.433
0.478
0.928
0.591
0.777
0.107
0.933
0.368
0.543
0.472
0.134
0.884
0.326
0.23
0.621
0.164
0.853
0.516
0.294
0.473
0.638
0.145
0.074
0.487
0.095
0.701
0.591
0.985
0.372
0.293
0.266
0.65
0.864
0.687
0.255
0.159
0.125
0.654
0.823
0.286
0.518
0.85
0.518
0.416
0.021
0.216
0.136
0.289
0.975
0.909
0.656
0.301
0.205
0.173
0.746
0.417
0.98
0.324
0.607
0.019
0.762
0.025
0.59
0.524
0.66
0.34
0.315
0.722
0.843
0.469
0.238
0.127
0.682
0.803
0.282
0.076
0.223
0.069
0.614
0.879
0.28
0.383
0.102
0.54
0.003
0.142
0.281
0.603
0.213
0.89
0.795
0.24
0.781
0.182
0.374
0.12
0.174
0.454
0.974
0.929
0.398
0.704
0.459
0.334
0.807
0.689
0.912
0.138
0.631
0.722
0.025
0.771
0.906
0.597
0.548
0.814
0.345
0.387
0.016
0.638
0.434
0.659
0.207
0.461
0.929
0.886
0.781
0.863
0.172
0.923
0.533
0.495
0.925
0.89
0.461
0.608
0.06
0.363
0.293
0.26
0.284
0.231
0.444
0.269
0.542
0.356
0.814
0.247
0.764
0.043
0.195
0.684
0.381
0.835
0.677
0.957
0.684
0.478
0.161
0.345
0.667
0.465
0.932
0.814
0.418
0.821
0.928
0.629
0.561
0.769
0.82
0.069
0.762
0.958
0.896
0.774
0.475
0.457
0.979
0.785
0.557
0.725
0.793
0.67
0.959
0.249
0.853
0.631
0.414
0.666
0.523
0.108
0.882
0.27
0.078
0.486
0.065
0.485
0.125
0.992
0.956
0.194
0.979
0.781
0.425
0.091
0.688
0.963
0.889
0.048
0.42
0.503
0.287
0.066
0.587
0.443
0.185
0.664
0.053
0.884
0.929
0.411
0.604
0.548
0.741
0.036
0.3
0.907
0.482
0.023
0.493
0.725
0.201
0.713
0.21
0.351
0.445
0.714
0.117
0.363
0.164
0.84
0.155
0.473
0.556
0.285
0.391
0.731
0.635
0.504
0.794
0.745
0.859
0.704
0.526
0.722
0.708
0.854
0.895
0.568
0.903
0.157
0.932
0.458
0.574
0.712
0.476
0.12
0.546
0.826
0.677
0.028
0.903
0.981
0.908
0.548
0.378
0.706
0.951
0.633
0.543
0.597
0.469
0.783
0.634
0.056
0.423
0.88
0.364
0.924
0.655
0.153
0.768
0.902
0.651
0.511
0.394
0.003
0.773
0.924
0.667
0.752
0.601
0.002
0.318
0.121
0.446
0.257
0.793
0.083
0.615
0.581
0.282
0.461
0.078
0.762
0.292
0.846
0.826
0.703
0.847
0.616
0.955
0.667
0.097
0.769
0.834
0.347
0.999
0.158
0.782
0.703
0.874
0.684
0.185
0.776
0.024
0.549
0.311
0.035
0.716
0.374
0.634
0.14
0.574
0.138
0.907
0.907
0.657
0.753
0.967
0.428
0.872
0.937
0.807
0.274
0.148
0.098
0.913
0.168
0.99
0.14
0.819
0.441
0.611
0.762
0.828
0.332
0.668
0.133
0.895
0.675
0.328
0.913
0.74
0.035
0.063
0.059
0.74
0.873
0.169
0.25
0.796
0.529
0.534
0.178
0.729
0.133
0.823
0.088
0.272
0.481
0.177
0.328
0.099
0.588
0.281
0.658
0.156
0.727
0.693
0.856
0.403
0.003
0.338
0.886
0.64
0.78
0.196
0.357
0.897
0.699
0.834
0.309
0.917
0.98
0.705
0.097
0.764
0.504
0.317
0.963
0.358
0.281
0.317
0.251
0.274
0.193
0.176
0.594
0.609
0.707
0.223
0.955
0.046
0.869
0.45
0.376
0.041
0.536
0.802
0.314
0.191
0.127
0.779
0.204
0.306
0.85
0.99
0.719
0.691
0.678
0.943
0.608
0.605
0.966
0.578
0.719
0.303
0.264
0.095
0.081
0.396
0.336
0.479
0.173
0.48
0.939
0.839
0.861
0.98
0.919
0.31
0.212
0.02
0.264
0.062
0.258
0.489
0.908
0.792
0.193
0.146
0.595
0.722
0.13
0.646
0.549
0.349
0.738
0.952
0.05
0.085
0.111
0.959
0.656
0.918
0.183
0.046
0.324
0.412
0.057
0.657
0.163
0.342
0.063
0.031
0.485
0.473
0.785
0.139
0.405
0.116
0.529
0.656
0.289
0.647
0.853
0.523
0.803
0.579
0.934
0.755
0.266
0.148
0.331
0.719
0.294
0.928
0.906
0.529
0.227
0.802
0.707
0.712
0.814
0.912
0.888
0.062
0.832
0.733
0.165
0.2
0.583
0.552
0.345
0.369
0.236
0.514
0.134
0.924
0.473
0.177
0.047
0.07
0.393
0.756
0.037
0.304
0.343
0.205
0.572
0.073
0.19
0.553
0.603
0.718
0.93
0.264
0.699
0.783
0.367
0.0
0.18
0.922
0.676
0.807
0.799
0.568
0.477
0.422
0.24
0.149
0.317
0.504
0.131
0.943
0.161
0.333
0.686
0.91
0.59
0.958
0.144
0.421
0.97
0.633
0.932
0.583
0.326
0.479
0.465
0.57
0.132
0.758
0.464
0.266
0.22
0.484
0.998
0.37
0.934
0.408
0.972
0.489
0.326
0.553
0.076
0.95
0.184
0.386
0.543
0.616
0.393
0.156
0.195
0.015
0.015
0.41
0.097
0.458
0.438
0.537
0.805
0.441
0.724
0.252
0.544
0.684
0.199
0.163
0.022
0.119
0.991
0.268
0.066
0.94
0.892
0.039
0.278
0.821
0.54
0.098
0.349
0.478
0.226
0.097
0.293
0.238
0.216
0.43
0.238
0.82
0.119
0.504
0.402
0.459
0.042
0.236
0.4
0.35
0.186
0.873
0.467
0.331
0.379
0.502
0.893
0.214
0.739
0.167
0.088
0.167
0.84
0.152
0.698
0.404
0.703
0.363
0.479
0.234
0.475
0.044
0.508
0.201
0.186
0.506
0.717
0.673
0.513
0.366
0.483
0.687
0.416
0.8
0.191
0.895
0.514
0.264
0.06
0.684
0.771
0.434
0.146
0.525
0.056
0.338
0.933
0.882
0.277
0.773
0.791
0.862
0.226
0.013
0.839
0.958
0.442
0.196
0.878
0.918
0.774
0.573
0.668
0.871
0.426
0.468
0.528
0.987
0.924
0.025
0.295
0.484
0.557
0.365
0.318
0.77
0.24
0.076
0.009
0.384
0.271
0.467
0.385
0.676
0.572
0.876
0.269
0.729
0.719
0.848
0.294
0.391
0.283
0.058
0.249
0.658
0.201
0.182
0.219
0.39
0.535
0.651
0.901
0.875
0.918
0.434
0.182
0.997
0.657
0.138
0.624
0.071
0.548
0.126
0.386
0.126
0.732
0.205
0.605
0.066
0.727
0.282
0.112
0.009
0.236
0.061
0.308
0.441
0.605
0.635
0.147
0.136
0.345
0.418
0.354
0.98
0.256
0.406
0.103
0.216
0.549
0.596
0.858
0.762
0.757
0.989
0.761
0.786
0.812
0.607
0.65
0.939
0.847
0.154
0.162
0.515
0.704
0.353
0.393
0.241
0.227
0.265
0.958
0.013
0.763
0.277
0.933
0.172
0.23
0.635
0.862
0.25
0.256
0.455
0.707
0.337
0.232
0.107
0.528
0.778
0.515
0.772
0.202
0.755
0.75
0.802
0.204
0.692
0.464
0.059
0.821
0.646
0.852
0.831
0.096
0.621
0.682
0.178
0.724
0.115
0.614
0.074
0.784
0.016
0.983
0.802
0.092
0.693
0.075
0.464
0.281
0.291
0.18
0.056
0.266
0.841
0.325
0.814
0.564
0.107
0.565
0.356
0.943
0.352
0.595
0.189
0.744
0.594
0.947
0.304
0.841
0.137
0.576
0.599
0.67
0.924
0.399
0.746
0.692
0.412
0.928
0.266
0.067
0.624
0.972
0.287
0.386
0.354
0.175
0.956
0.811
0.394
0.003
0.689
0.916
0.284
0.453
0.328
0.715
0.361
0.598
0.041
0.64
0.622
0.564
0.909
0.712
0.487
0.246
0.846
0.648
0.396
0.38
0.366
0.476
0.655
0.901
0.106
0.248
0.487
0.355
0.719
0.35
0.497
0.717
0.122
0.369
0.454
0.532
0.658
0.798
0.197
0.774
0.978
0.723
0.021
0.763
0.726
0.612
0.337
0.643
0.804
0.151
0.034
0.44
0.828
0.617
0.289
0.643
0.139
0.178
0.971
0.657
0.532
0.513
0.765
0.529
0.75
0.088
0.473
0.808
0.59
0.7
0.789
0.215
0.399
0.644
0.01
0.106
0.871
0.261
0.012
0.27
0.258
0.414
0.389
0.994
0.491
0.496
0.398
0.073
0.19
0.153
0.187
0.771
0.342
0.384
0.611
0.028
0.98
0.895
0.578
0.629
0.483
0.27
0.739
0.422
0.806
0.694
0.882
0.31
0.168
0.972
0.491
0.736
0.543
0.025
0.918
0.177
0.519
0.719
0.581
0.896
0.61
0.073
0.928
0.246
0.939
0.573
0.547
0.799
0.22
0.147
0.385
0.442
0.741
0.391
0.536
0.457
0.897
0.065
0.457
0.482
0.467
0.64
0.987
0.304
0.418
0.214
0.1
0.417
0.965
0.111
0.796
0.54
0.479
0.737
0.821
0.601
0.238
0.06
0.446
0.039
0.184
0.39
0.866
0.934
0.973
0.084
0.629
0.177
0.443
0.571
0.908
0.786
0.433
0.329
0.834
0.448
0.883
0.28
0.087
0.94
0.793
0.958
0.454
0.776
0.712
0.215
0.317
0.919
0.763
0.065
0.084
0.037
0.246
0.386
0.793
0.128
0.134
0.128
0.561
0.456
0.972
0.858
0.937
0.26
0.591
0.468
0.697
0.096
0.347
0.476
0.526
0.663
0.048
0.65
0.191
0.324
0.849
0.172
0.99
0.06
0.41
0.078
0.999
0.557
0.261
0.646
0.293
0.654
0.665
0.422
0.42
0.719
0.183
0.901
0.958
0.628
0.717
0.79
0.303
0.028
0.404
0.111
0.391
0.199
0.754
0.876
0.969
0.05
0.953
0.887
0.868
0.233
0.922
0.908
0.887
0.126
0.671
0.906
0.068
0.605
0.315
0.511
0.55
0.071
0.703
0.547
0.023
0.533
0.826
0.826
0.219
0.218
0.506
0.735
0.507
0.926
0.598
0.379
0.685
0.008
0.19
0.31
0.977
0.717
0.555
0.889
0.73
0.928
0.175
0.69
0.234
0.445
0.709
0.09
0.806
0.573
0.815
0.467
0.446
0.953
0.851
0.762
0.066
0.487
0.783
0.533
0.047
0.209
0.583
0.435
0.089
0.395
0.944
0.93
0.51
0.856
0.379
0.832
0.75
0.265
0.806
0.132
0.155
0.944
0.101
0.589
0.845
0.763
0.225
0.329
0.79
0.972
0.148
0.966
0.616
0.155
0.626
0.289
0.958
0.647
0.248
0.911
0.766
0.807
0.609
0.843
0.203
0.766
0.127
0.535
0.295
0.947
0.451
0.644
0.964
0.397
0.727
0.189
0.93
0.86
0.36
0.114
0.405
0.282
0.97
0.655
0.696
0.439
0.211
0.047
0.029
0.863
0.532
0.679
0.099
0.55
0.801
0.753
0.173
0.283
0.662
0.572
0.955
0.137
0.031
0.754
0.701
0.789
0.633
0.175
0.226
0.231
0.081
0.355
0.631
0.132
0.042
0.865
0.537
0.237
0.836
0.685
0.841
0.574
0.016
0.123
0.492
0.127
0.716
0.058
0.329
0.471
0.217
0.9
0.079
0.033
0.101
0.702
0.181
0.35
0.052
0.735
0.652
0.238
0.292
0.214
0.368
0.134
0.001
0.004
0.431
0.356
0.862
0.409
0.716
0.69
0.471
0.858
0.637
0.191
0.134
0.055
0.987
0.146
0.788
0.157
0.438
0.519
0.701
0.975
0.083
0.176
0.036
0.022
0.621
0.682
0.445
0.916
0.711
0.852
0.836
0.321
0.672
0.816
0.446
0.009
0.749
0.192
0.732
0.734
0.395
0.211
0.839
0.267
0.286
0.47
0.854
0.906
0.461
0.771
0.75
0.117
0.843
0.586
0.306
0.382
0.334
0.186
0.327
0.384
0.5
0.032
0.188
0.563
0.758
0.416
0.08
0.325
0.081
0.426
0.448
0.415
0.523
0.2
0.884
0.797
0.59
0.551
0.736
0.95
0.761
0.156
0.694
0.441
0.279
0.306
0.997
0.731
0.007
0.24
0.923
0.185
0.149
0.793
0.715
0.893
0.282
0.722
0.089
0.838
0.811
0.471
0.621
0.749
0.649
0.148
0.11
0.194
0.838
0.079
0.513
0.808
0.113
0.328
0.875
0.703
0.565
0.973
0.345
0.014
0.964
0.29
0.977
0.361
0.516
0.104
0.023
0.662
0.719
0.802
0.495
0.143
0.613
0.985
0.805
0.852
0.052
0.928
0.123
0.617
0.529
0.102
0.241
0.623
0.799
0.303
0.46
0.994
0.494
0.159
0.952
0.595
0.904
0.331
0.485
0.799
0.282
0.515
0.644
0.401
0.07
0.749
0.663
0.975
0.338
0.647
0.356
0.028
0.684
0.395
0.77
0.032
0.019
0.27
0.977
0.817
0.994
0.421
0.167
0.37
0.273
0.767
0.516
0.95
0.391
0.882
0.762
0.112
0.593
0.347
0.087
0.102
0.663
0.85
0.708
0.24
0.603
0.317
0.603
0.417
0.367
0.56
0.244
0.333
0.455
0.861
0.977
0.561
0.451
0.76
0.597
0.355
0.596
0.654
0.326
0.245
0.569
0.728
0.717
0.516
0.989
0.329
0.261
0.83
0.87
0.818
0.527
0.682
0.956
0.845
0.53
0.551
0.565
0.82
0.584
0.97
0.162
0.12
0.979
0.63
0.618
0.984
0.484
0.677
0.647
0.645
0.674
0.034
0.99
0.126
0.698
0.954
0.367
0.982
0.562
0.594
0.041
0.027
0.132
0.982
0.51
0.502
0.837
0.634
0.403
0.257
0.331
0.099
0.338
0.568
0.617
0.343
0.726
0.139
0.009
0.298
0.529
0.614
0.375
0.26
0.256
0.279
0.136
0.932
0.87
0.675
0.682
0.124
0.581
0.171
0.704
0.082
0.221
0.203
0.282
0.432
0.22
0.599
0.215
0.368
0.2
0.586
0.699
0.329
0.684
0.491
0.06
0.198
0.312
0.417
0.941
0.194
0.064
0.692
0.564
0.165
0.027
0.98
0.146
0.005
0.11
0.775
0.149
0.349
0.144
0.196
0.577
0.444
0.892
0.001
0.447
0.464
0.257
0.105
0.663
0.794
0.169
0.776
0.986
0.476
0.461
0.969
0.063
0.845
0.283
0.851
0.628
0.926
0.893
0.139
0.293
0.339
0.434
0.407
0.054
0.008
0.387
0.348
0.334
0.966
0.447
0.794
0.901
0.956
0.879
0.105
0.457
0.364
0.261
0.311
0.759
0.292
0.443
0.034
0.195
0.699
0.546
0.319
0.155
0.47
0.785
0.335
0.914
0.268
0.618
0.576
0.138
0.357
0.231
0.942
0.685
0.989
0.441
0.23
0.343
0.003
0.488
0.097
0.711
0.754
0.099
0.494
0.915
0.084
0.267
0.174
0.057
0.524
0.727
0.303
0.404
0.798
0.104
0.263
0.446
0.12
0.921
0.721
0.96
0.672
0.857
0.732
0.274
0.172
0.436
0.858
0.442
0.025
0.882
0.325
0.09
0.326
0.572
0.526
0.021
0.621
0.672
0.769
0.769
0.358
0.522
0.535
0.99
0.434
0.171
0.226
0.239
0.629
0.623
0.395
0.054
0.74
0.179
0.598
0.104
0.536
0.367
0.984
0.587
0.772
0.553
0.094
0.394
0.347
0.574
0.409
0.894
0.075
0.861
0.502
0.078
0.437
0.432
0.324
0.701
0.704
0.801
0.781
0.806
0.849
0.781
0.206
0.341
0.612
0.92
0.779
0.04
0.933
0.842
0.807
0.165
0.463
0.903
0.699
0.685
0.583
0.225
0.146
0.032
0.197
0.455
0.146
0.126
0.314
0.979
0.157
0.685
0.723
0.732
0.243
0.312
0.702
0.304
0.467
0.378
0.543
0.939
0.061
0.943
0.21
0.239
0.156
0.841
0.652
0.84
0.1
0.43
0.221
0.295
0.378
0.455
0.093
0.148
0.917
0.429
0.523
0.675
0.784
0.943
0.222
0.381
0.728
0.719
0.799
0.061
0.102
0.712
0.149
0.325
0.846
0.961
0.234
0.351
0.572
0.593
0.427
0.272
0.667
0.196
0.282
0.527
0.306
0.725
0.629
0.088
0.212
0.887
0.082
0.38
0.732
0.431
0.969
0.136
0.045
0.41
0.188
0.259
0.489
0.108
0.639
0.924
0.261
0.628
0.856
0.833
0.638
0.702
0.14
0.778
0.516
0.764
0.097
0.97
0.918
0.18
0.243
0.596
0.855
0.111
0.553
0.218
0.408
0.834
0.482
0.034
0.66
0.095
0.647
0.687
0.013
0.048
0.549
0.997
0.635
0.851
0.892
0.915
0.951
0.355
0.221
0.335
0.481
0.315
0.309
0.689
0.853
0.946
0.669
0.264
0.723
0.387
0.122
0.153
0.58
0.076
0.225
0.984
0.326
0.159
0.772
0.061
0.352
0.94
0.259
0.728
0.037
0.524
0.843
0.781
0.824
0.424
0.409
0.979
0.986
0.006
0.781
0.067
0.765
0.481
0.677
0.659
0.125
0.875
0.036
0.356
0.836
0.274
0.689
0.778
0.884
0.815
0.649
0.679
0.597
0.33
0.176
0.846
0.719
0.151
0.728
0.171
0.446
0.73
0.013
0.721
0.713
0.745
0.774
0.112
0.112
0.057
0.324
0.523
0.054
0.499
0.118
0.747
0.077
0.716
0.586
0.701
0.519
0.922
0.47
0.953
0.622
0.956
0.504
0.857
0.994
0.748
0.581
0.994
0.637
0.445
0.603
0.004
0.851
0.569
0.54
0.796
0.825
0.363
0.287
0.323
0.917
0.261
0.481
0.66
0.764
0.391
0.618
0.42
0.455
0.883
0.564
0.213
0.099
0.427
0.362
0.695
0.592
0.591
0.74
0.116
0.495
0.378
0.777
0.137
0.891
0.976
0.214
0.686
0.258
0.423
0.604
0.121
0.258
0.951
0.326
0.229
0.901
0.038
0.752
0.734
0.582
0.609
0.456
0.009
0.868
0.587
0.378
0.223
0.202
0.207
0.132
0.325
0.742
0.077
0.182
0.195
0.292
0.318
0.229
0.569
0.294
0.543
0.351
0.001
0.089
0.462
0.194
0.25
0.82
0.772
0.084
0.813
0.041
0.616
0.862
0.464
0.737
0.075
0.421
0.556
0.782
0.143
0.06
0.219
0.203
0.854
0.323
0.871
0.492
0.409
0.06
0.776
0.895
0.903
0.888
0.455
0.756
0.429
0.785
0.841
0.688
0.287
0.64
0.145
0.72
0.114
0.402
0.125
0.991
0.172
0.179
0.741
0.26
0.806
0.411
0.645
0.715
0.528
0.132
0.502
0.16
0.245
0.611
0.484
0.898
0.83
0.276
0.909
0.746
0.171
0.81
0.005
0.772
0.008
0.476
0.218
0.5
0.874
0.966
0.835
0.924
0.724
0.439
0.741
0.539
0.822
0.19
0.964
0.088
0.066
0.559
0.904
0.049
0.014
0.52
0.747
0.492
0.272
0.669
0.958
0.796
0.215
0.699
0.951
0.791
0.864
0.217
0.906
0.058
0.271
0.799
0.428
0.139
0.524
0.389
0.608
0.487
0.347
0.044
0.248
0.046
0.123
0.133
0.037
0.73
0.436
0.166
0.909
0.882
0.929
0.277
0.312
0.116
0.673
0.997
0.443
0.305
0.272
0.988
0.432
0.778
0.903
0.403
0.066
0.923
0.38
0.489
0.96
0.113
0.964
0.722
0.863
0.623
0.621
0.384
0.607
0.232
0.773
0.488
0.735
0.943
0.259
0.183
0.423
0.503
0.094
0.947
0.227
0.646
0.717
0.256
0.905
0.477
0.352
0.669
0.036
0.03
0.266
0.049
0.537
0.096
0.235
0.624
0.357
0.505
0.219
0.836
0.081
0.764
0.763
0.93
0.155
0.83
0.576
0.93
0.327
0.667
0.28
0.465
0.55
0.994
0.039
0.082
0.604
0.238
0.42
0.551
0.691
0.481
0.526
0.13
0.97
0.928
0.882
0.292
0.3
0.874
0.967
0.97
0.572
0.275
0.16
0.551
0.103
0.388
0.587
0.264
0.061
0.374
0.773
0.647
0.98
0.915
0.506
0.867
0.156
0.8
0.303
0.452
0.194
0.273
0.903
0.502
0.554
0.344
0.322
0.639
0.248
0.103
0.654
0.459
0.664
0.143
0.117
0.482
0.956
0.834
0.478
0.913
0.473
0.544
0.602
0.422
0.539
0.316
0.896
0.184
0.107
0.653
0.688
0.387
0.018
0.9
0.979
0.747
0.141
0.282
0.343
0.058
0.434
0.27
0.676
0.408
0.642
0.946
1.0
0.899
0.166
0.839
0.461
0.441
0.938
0.265
0.603
0.922
0.858
0.607
0.484
0.407
0.855
0.71
0.139
0.759
0.679
0.682
0.966
0.011
0.861
0.311
0.722
0.015
0.404
0.857
0.149
0.757
0.401
0.833
0.734
0.139
0.482
0.087
0.395
0.612
0.02
0.774
0.43
0.725
0.808
0.735
0.411
0.818
0.755
0.973
0.908
0.813
0.597
0.353
0.604
0.811
0.911
0.453
0.89
0.191
0.793
0.108
0.181
0.472
0.207
0.924
0.532
0.425
0.083
0.889
0.354
0.647
0.841
0.141
0.887
0.453
0.554
0.497
0.76
0.726
0.91
0.236
0.482
0.195
0.162
0.987
0.334
0.477
0.872
0.68
0.507
0.204
0.539
0.405
0.189
0.303
0.962
0.575
0.399
0.432
0.6
0.182
0.965
0.593
0.322
0.218
0.018
0.159
0.598
1.0
0.575
0.587
0.236
0.551
0.909
0.855
0.072
0.705
0.668
0.935
0.828
0.703
0.897
0.695
0.513
0.789
0.099
0.345
0.034
0.604
0.574
0.773
0.774
0.611
0.088
0.392
0.338
0.904
0.326
0.149
0.485
0.471
0.842
0.2
0.96
0.758
0.372
0.074
0.091
0.256
0.83
0.828
0.727
0.476
0.233
0.932
0.502
0.84
0.942
0.687
0.798
0.52
0.285
0.646
0.658
0.597
0.165
0.656
0.207
0.438
0.156
0.858
0.264
0.262
0.574
0.185
0.679
0.732
0.553
0.278
0.682
0.227
0.957
0.735
0.89
0.101
0.123
0.047
0.487
0.616
0.371
0.77
0.621
0.934
0.945
0.521
0.905
0.065
0.019
0.331
0.845
0.176
0.982
0.414
0.822
0.439
0.551
0.687
0.375
0.261
0.313
0.873
0.835
0.466
0.762
0.799
0.026
0.295
0.667
0.417
0.81
0.637
0.281
0.034
0.384
0.81
0.132
0.451
0.912
0.839
0.544
0.077
0.027
0.178
0.202
0.497
0.345
0.378
0.002
0.995
0.214
0.264
0.296
0.868
0.346
0.12
0.502
0.372
0.02
0.725
0.787
0.347
0.229
0.775
0.625
0.164
0.036
0.996
0.752
0.696
0.028
0.097
0.983
0.918
0.247
0.764
0.052
0.758
0.434
0.616
0.612
0.509
0.917
0.723
0.236
0.78
0.298
0.649
0.257
0.213
0.183
0.791
0.949
0.082
0.194
0.886
0.147
0.919
0.243
0.837
0.333
0.562
0.183
0.854
0.333
0.42
0.263
0.724
0.829
0.876
0.686
0.039
0.627
0.413
0.586
0.362
0.389
0.519
0.105
0.439
0.49
0.268
0.026
0.515
0.574
0.078
0.021
0.366
0.143
0.52
0.473
0.583
0.059
0.515
0.387
0.286
0.974
0.055
0.298
0.546
0.765
0.537
0.267
0.081
0.223
0.511
0.685
0.457
0.575
0.551
0.068
0.664
0.512
0.003
0.398
0.94
0.261
0.029
0.173
0.472
0.218
0.361
0.238
0.011
0.329
0.376
0.777
0.816
0.861
0.004
0.857
0.712
0.907
0.143
0.775
0.589
0.408
0.367
0.723
0.498
0.226
0.436
0.602
0.31
0.779
0.238
0.219
0.304
0.935
0.807
0.051
0.266
0.22
0.881
0.43
0.581
