0.998
0.591
0.167
0.631
0.138
0.858
0.499
0.361
0.459
0.487
0.083
0.692
0.254
0.678
0.981
0.713
0.691
0.612
0.274
0.835
0.216
0.03
0.396
0.629
0.919
0.742
0.205
0.391
0.771
0.47
0.685
0.131
0.608
0.769
0.521
0.312
0.069
0.622
0.49
0.452
0.125
0.096
0.116
0.574
0.736
0.5
0.321
0.89
0.122
0.897
0.532
0.059
0.985
0.217
0.647
0.17
0.135
0.857
0.245
0.869
0.975
0.628
0.762
0.189
0.498
0.937
0.46
0.836
0.139
0.297
0.421
0.29
0.741
0.658
0.615
0.335
0.033
0.893
0.88
0.001
0.857
0.113
0.15
0.969
0.34
0.69
0.217
0.678
0.917
0.744
0.688
0.959
0.772
0.845
0.892
0.775
0.724
0.192
0.928
0.623
0.523
0.211
0.087
0.699
0.476
0.628
0.112
0.423
0.406
0.23
0.946
0.244
0.806
0.909
0.692
0.785
0.499
0.075
0.208
0.25
0.152
0.77
0.951
0.652
0.762
0.831
0.191
0.833
0.484
0.518
0.369
0.6
0.056
0.553
0.644
0.006
0.707
0.338
0.753
0.092
0.394
0.727
0.482
0.433
0.164
0.806
0.056
0.156
0.919
0.875
0.153
0.131
0.05
0.381
0.438
0.234
0.213
0.418
0.311
0.599
0.543
0.338
0.949
0.26
0.43
0.529
0.285
0.532
0.454
0.308
0.024
0.674
0.06
0.603
0.079
0.495
0.61
0.738
0.821
0.851
0.409
0.789
0.3
0.344
0.238
0.782
0.484
0.014
0.742
0.698
0.61
0.364
0.731
0.612
0.886
0.996
0.393
0.577
0.405
0.274
0.599
0.174
0.269
0.418
0.554
0.957
0.769
0.943
0.194
0.413
0.189
0.166
0.583
0.968
0.579
0.642
0.173
0.307
0.499
0.381
0.738
0.005
0.418
0.344
0.168
0.701
0.141
0.611
0.078
0.165
0.803
0.837
0.437
0.497
0.401
0.861
0.441
0.463
0.725
0.751
0.037
0.711
0.076
0.364
0.871
0.451
0.289
0.145
0.235
0.438
0.006
0.813
0.329
0.044
0.332
0.1
0.739
0.254
0.061
0.55
0.104
0.715
0.878
0.067
0.58
0.265
0.696
0.677
0.34
0.157
0.129
0.922
0.534
0.372
0.721
0.669
0.491
0.836
0.96
0.569
0.139
0.496
0.08
0.363
0.364
0.755
0.333
0.482
0.049
0.063
0.676
0.396
0.21
0.42
0.053
0.996
0.998
0.369
0.768
0.169
0.63
0.042
0.25
0.388
0.799
0.63
0.353
0.322
0.209
0.328
0.04
0.365
0.442
0.124
0.643
0.089
0.37
0.435
0.453
0.214
0.416
0.845
0.734
0.156
0.011
0.473
0.275
0.949
0.76
0.379
0.192
0.596
0.437
0.994
0.27
0.186
0.035
0.457
0.274
0.931
0.788
0.93
0.576
0.301
0.365
0.416
0.188
0.164
0.556
0.875
0.549
0.092
0.681
0.466
0.959
0.39
0.058
0.259
0.356
0.297
0.555
0.056
0.552
0.693
0.279
0.036
0.323
0.545
0.761
0.616
0.114
0.934
0.118
0.573
0.032
0.611
0.183
0.277
0.844
0.848
0.48
0.771
0.225
0.248
0.785
0.324
0.353
0.355
0.655
0.244
0.192
0.51
0.717
0.704
0.306
0.946
0.812
0.882
0.737
0.74
0.936
0.106
0.655
0.237
0.036
0.045
0.798
0.385
0.585
0.654
0.501
0.138
0.037
0.442
0.158
0.172
0.932
0.261
0.05
0.01
0.087
0.392
0.173
0.379
0.351
0.813
0.2
0.057
0.347
0.973
0.907
0.787
0.401
0.892
0.862
0.529
0.564
0.619
0.068
0.201
0.139
0.882
0.158
0.905
0.107
0.26
0.317
0.658
0.905
0.633
0.878
0.496
0.71
0.804
0.17
0.68
0.228
0.922
0.294
0.355
0.72
0.349
0.702
0.302
0.705
0.932
0.647
0.082
0.62
0.221
0.381
0.933
0.163
0.056
0.173
0.344
0.561
0.927
0.898
0.711
0.913
0.461
0.102
0.152
0.524
0.568
0.138
0.612
0.288
0.461
0.585
0.057
0.577
0.441
0.751
0.096
0.078
0.762
0.266
0.758
0.495
0.009
0.645
0.397
0.65
0.603
0.154
0.75
0.116
0.587
0.665
0.029
0.223
0.46
0.592
0.912
0.536
0.652
0.871
0.383
0.852
0.854
0.194
0.719
0.764
0.576
0.134
0.973
0.147
0.32
0.994
0.376
0.373
0.858
0.794
0.342
0.035
0.611
0.179
0.091
0.638
0.863
0.001
0.552
0.99
0.59
0.896
0.88
0.423
0.893
0.185
0.797
0.695
0.278
0.806
0.442
0.861
0.867
0.569
0.256
0.088
0.765
0.118
0.469
0.268
0.142
0.497
0.94
0.597
0.687
0.69
0.699
0.928
0.382
0.68
0.714
0.805
0.178
0.372
0.208
0.289
0.875
0.591
0.308
0.425
0.473
0.349
0.673
0.972
0.678
0.565
0.511
0.912
0.401
0.924
0.337
0.744
0.845
0.092
0.012
0.049
0.784
0.094
0.036
0.141
0.561
0.747
0.526
0.808
0.709
0.383
0.421
0.161
0.544
0.926
0.851
0.301
0.173
0.664
0.101
0.417
0.67
0.569
0.829
0.812
0.6
0.235
0.63
0.346
0.389
0.244
0.876
0.396
0.045
0.305
0.388
0.629
0.614
0.264
0.993
0.012
0.492
0.366
0.649
0.349
0.603
0.368
0.653
0.939
0.821
0.759
0.094
0.277
0.572
0.921
0.401
0.9
0.099
0.393
0.794
0.532
0.514
0.202
0.184
0.952
0.279
0.888
0.568
0.017
0.807
0.457
0.987
0.72
0.075
0.608
0.983
0.684
0.066
0.282
0.314
0.682
0.843
0.975
0.079
0.837
0.648
0.34
0.758
0.995
0.248
0.356
0.609
0.664
0.542
0.429
0.929
0.453
0.263
0.93
0.458
0.857
0.5
0.841
0.624
0.801
0.734
0.005
0.552
0.52
0.507
0.033
0.629
0.567
0.358
0.426
0.497
0.78
0.452
0.469
0.771
0.519
0.802
0.16
0.424
0.659
0.415
0.547
0.006
0.9
0.874
0.064
0.077
0.932
0.427
0.552
0.757
0.923
0.101
0.089
0.239
0.59
0.475
0.822
0.821
0.125
0.961
0.006
0.419
0.972
0.163
0.335
0.748
0.623
0.248
0.771
0.802
0.367
0.976
0.678
0.853
0.979
0.248
0.606
0.129
0.172
0.138
0.241
0.041
0.099
0.774
0.261
0.513
0.961
0.08
0.919
0.788
0.817
0.387
0.014
0.305
0.19
0.023
0.115
0.941
0.188
0.518
0.45
0.702
0.273
0.102
0.791
0.082
0.99
0.971
0.628
0.457
0.322
0.083
0.895
0.658
0.897
0.56
0.786
0.173
0.936
0.409
0.148
0.832
0.302
0.787
0.047
0.204
0.591
0.233
0.6
0.903
0.38
0.825
0.72
0.144
0.448
0.283
0.877
0.19
0.896
0.335
0.593
0.829
0.253
0.334
0.952
0.87
0.744
0.769
0.057
0.397
0.299
0.923
0.718
0.814
0.391
0.66
0.223
0.492
0.378
0.428
0.548
0.936
0.799
0.386
0.274
0.499
0.65
0.842
0.474
0.651
0.813
0.412
0.254
0.618
0.145
0.209
0.524
0.427
0.087
0.879
0.928
0.481
0.997
0.73
0.247
0.54
0.137
0.558
0.746
0.097
0.823
0.799
0.255
0.484
0.764
0.342
0.794
0.247
0.16
0.01
0.008
0.297
0.701
0.227
0.917
0.27
0.684
0.431
0.956
0.963
0.357
0.185
0.57
0.994
0.074
0.653
0.769
0.471
0.695
0.94
0.602
0.929
0.279
0.516
0.056
0.444
0.292
0.224
0.706
0.39
0.631
0.688
0.734
0.25
0.065
0.459
0.264
0.678
0.613
0.631
0.741
0.696
0.656
0.187
0.198
0.676
0.608
0.305
0.882
0.665
0.301
0.875
0.057
0.317
0.869
0.925
0.289
0.819
0.775
0.599
0.104
0.174
0.365
0.875
0.767
0.875
0.224
0.584
0.834
0.763
0.692
0.506
0.52
0.925
0.409
0.458
0.289
0.605
0.239
0.006
0.437
0.382
0.872
0.55
0.248
0.639
0.987
0.928
0.315
0.936
0.446
0.132
0.162
0.321
0.442
0.767
0.108
0.826
0.579
0.64
0.627
0.452
0.013
0.104
0.8
0.84
0.327
0.187
0.997
0.173
0.925
0.611
0.789
0.979
