0.422
0.909
0.586
0.82
0.983
0.648
0.901
0.469
0.091
0.079
0.608
0.853
0.239
0.238
0.348
0.717
0.1
0.708
0.493
0.571
0.5
0.305
0.486
0.353
0.478
0.784
0.091
0.019
0.305
0.249
0.494
0.818
0.73
0.251
0.226
0.256
0.508
0.131
0.621
0.931
0.021
0.357
0.217
0.355
0.777
0.408
0.194
0.582
0.956
0.906
0.751
0.02
0.16
0.047
0.89
0.002
0.575
0.668
0.144
0.86
0.13
0.912
0.469
0.452
0.538
0.829
0.179
0.66
0.957
0.604
0.659
0.377
0.095
0.502
0.12
0.633
0.676
0.087
0.389
0.388
0.308
0.169
0.915
0.168
0.16
0.534
0.94
0.679
0.901
0.577
0.021
0.453
0.666
0.322
0.316
0.798
0.452
0.073
0.925
0.661
0.297
0.793
0.524
0.386
0.904
0.046
0.946
0.631
0.972
0.458
0.749
0.201
0.307
0.502
0.513
0.151
0.763
0.317
0.686
0.232
0.369
0.093
0.948
0.68
0.386
0.93
0.273
0.852
0.355
0.353
0.935
0.881
0.711
0.446
0.783
0.725
0.913
0.125
0.511
0.734
0.855
0.656
0.235
0.656
0.164
0.809
0.503
0.99
0.503
0.549
0.769
0.171
0.115
0.26
0.645
0.019
0.119
0.56
0.149
0.304
0.316
0.487
0.446
0.054
0.353
0.654
0.066
0.673
0.321
0.095
0.543
0.041
0.65
0.94
0.605
0.551
0.167
0.124
0.258
0.506
0.057
0.571
0.436
0.59
0.662
0.1
0.126
0.653
0.814
0.98
0.64
0.439
0.913
0.78
0.242
0.246
0.625
0.748
0.134
0.063
0.799
0.439
0.317
0.676
0.869
0.435
0.636
0.444
0.087
0.58
0.347
0.122
0.259
0.873
0.894
1.0
0.606
0.773
0.152
0.164
0.38
0.363
0.882
0.91
0.163
0.348
0.282
0.385
0.148
0.277
0.42
0.546
0.195
0.825
0.023
0.61
0.068
0.322
0.65
0.414
0.358
0.337
0.526
0.37
0.627
0.64
0.098
0.753
0.991
0.242
0.856
0.226
0.649
0.623
0.698
0.085
0.928
0.693
0.173
0.702
0.433
0.401
0.974
0.03
0.272
0.188
0.213
0.297
0.469
0.014
0.796
0.13
0.166
0.194
0.179
0.627
0.736
0.598
0.179
0.213
0.854
0.516
0.83
0.227
0.229
0.849
0.936
0.671
0.056
0.205
0.603
0.062
0.321
0.249
0.89
0.572
0.726
0.397
0.414
0.713
0.116
0.768
0.787
0.609
0.456
0.677
0.409
0.242
0.915
0.321
0.74
0.204
0.997
0.806
0.89
0.301
0.049
0.686
0.464
0.198
0.352
0.868
0.205
0.492
0.569
0.477
0.423
0.588
0.004
0.25
0.604
0.044
0.483
0.138
0.774
0.799
0.273
0.634
0.624
0.095
0.739
0.123
0.543
0.749
0.567
0.956
0.11
0.474
0.661
0.449
0.326
0.249
0.377
0.032
0.653
0.762
0.959
0.345
0.962
0.762
0.951
0.84
0.8
0.019
0.369
0.283
0.599
0.598
0.928
0.902
0.247
0.921
0.859
0.349
0.92
0.606
0.561
0.218
0.906
0.26
0.453
0.114
0.402
0.813
0.901
0.04
0.467
0.704
0.708
0.655
0.926
0.71
0.038
0.587
0.192
0.61
0.771
0.59
0.52
0.446
0.969
0.416
0.713
0.379
0.197
0.035
0.386
0.553
0.763
0.873
0.51
0.261
0.944
0.304
0.458
0.145
0.203
0.984
0.016
0.865
0.203
0.388
0.721
0.828
0.059
0.07
0.579
0.02
0.898
0.809
0.676
0.32
0.255
0.093
0.887
0.221
0.084
0.872
0.357
0.734
0.052
0.938
0.488
0.918
0.004
0.169
0.961
0.14
0.472
0.776
0.798
0.599
0.872
0.298
0.749
0.486
0.266
0.234
0.223
0.683
0.704
0.603
0.402
0.762
0.534
0.01
0.802
0.663
0.506
0.815
0.321
0.038
0.142
0.698
0.229
0.038
0.807
0.244
0.856
0.165
0.305
0.29
0.808
0.198
0.85
0.784
0.507
0.917
0.756
0.757
0.136
0.183
0.106
0.942
0.136
0.952
0.459
0.467
0.482
0.906
0.159
0.596
0.183
0.113
0.245
0.159
0.83
0.399
0.029
0.429
0.547
0.67
0.688
0.999
0.547
0.611
0.783
0.143
0.102
0.864
0.207
0.256
0.294
0.567
0.57
0.218
0.108
0.202
0.651
0.997
0.516
0.656
0.797
0.865
0.053
0.231
0.566
0.106
0.754
0.091
0.536
0.98
0.499
0.485
0.535
0.243
0.216
0.999
0.057
0.991
0.273
0.948
0.651
0.829
0.466
0.53
0.755
0.829
0.865
0.624
0.787
0.898
0.746
0.04
0.309
0.766
0.307
0.515
0.541
0.989
0.441
0.811
0.344
0.886
0.139
0.332
0.046
0.23
0.56
0.382
0.412
0.476
0.319
0.344
0.535
0.788
0.292
0.734
0.927
0.662
0.662
0.935
0.312
0.461
0.14
0.305
0.353
0.046
0.938
0.945
0.784
0.663
0.568
0.633
0.74
0.896
0.244
0.293
0.309
0.95
0.353
0.674
0.445
0.482
0.159
0.51
0.451
0.015
0.425
0.728
0.69
0.361
0.949
0.363
0.659
0.234
0.341
0.161
0.176
0.465
0.833
0.927
0.977
0.458
0.547
0.111
0.493
0.087
0.498
0.684
0.392
0.584
0.103
0.138
0.187
0.634
0.343
0.896
0.574
0.329
0.067
0.177
0.061
0.227
0.278
0.951
0.04
0.842
0.207
0.514
0.011
0.777
0.153
0.798
0.046
0.471
0.029
0.359
0.935
0.713
0.398
0.004
0.41
0.14
0.003
0.017
0.793
0.1
0.455
0.256
0.211
0.334
0.796
0.665
0.189
0.521
0.49
0.823
0.818
0.267
0.794
0.641
0.147
0.7
0.95
0.613
0.686
0.221
0.529
0.303
0.237
0.086
0.851
0.122
0.364
0.61
0.889
0.953
0.799
0.269
0.112
0.868
0.716
0.007
0.479
0.024
0.684
0.002
0.231
0.547
0.564
0.712
0.893
0.228
0.826
0.493
0.91
0.954
0.378
0.52
0.668
0.898
0.15
0.279
0.633
0.927
0.598
0.92
0.139
0.868
0.743
0.803
0.078
0.906
0.345
0.007
0.542
0.873
0.585
0.865
0.986
0.443
0.022
0.392
0.208
0.097
0.622
0.859
0.576
0.289
0.589
0.702
0.96
0.08
0.178
0.206
0.155
0.288
0.774
0.713
0.819
0.152
0.327
0.692
0.462
0.155
0.784
0.016
0.419
0.991
0.531
0.373
0.439
0.426
0.419
0.277
0.966
0.254
0.173
0.571
0.617
0.831
0.396
0.082
0.969
0.075
0.644
0.922
0.96
0.804
0.21
0.543
0.382
0.931
0.095
0.316
0.471
0.473
0.064
0.298
0.979
0.49
0.284
0.844
0.584
0.471
0.7
0.34
0.943
0.773
0.656
0.864
0.108
0.276
0.926
0.031
0.172
0.816
0.334
0.503
0.995
0.586
0.886
0.246
0.126
0.727
0.001
0.082
0.511
0.414
0.877
0.327
0.26
0.607
0.963
0.144
0.046
0.012
0.303
0.505
0.006
0.836
0.727
0.229
0.869
0.3
0.578
0.206
0.928
0.606
0.615
0.623
0.654
0.929
0.887
0.446
0.164
0.41
0.292
0.134
0.403
0.037
0.773
0.45
0.029
0.938
0.896
0.491
0.401
0.697
0.638
0.696
0.03
0.849
0.366
0.875
0.487
0.887
0.672
0.732
0.03
0.513
0.944
0.239
0.28
0.535
0.381
0.27
0.33
0.368
0.353
0.805
0.169
0.921
0.887
0.947
0.866
0.205
0.255
0.456
0.558
0.195
0.904
0.485
0.534
0.403
0.559
0.409
0.8
0.245
0.275
0.924
0.712
0.963
0.194
0.232
0.941
0.193
0.814
0.351
0.87
0.649
0.3
0.617
0.896
0.605
0.182
0.412
0.604
0.115
0.031
0.281
0.645
0.76
0.301
0.486
0.646
0.077
0.669
0.825
0.059
0.271
0.765
0.275
0.467
0.344
0.021
0.862
0.836
0.943
0.099
0.095
0.147
0.632
0.537
0.556
0.157
0.388
0.694
0.741
0.291
0.315
0.923
0.885
0.539
0.316
0.488
0.143
0.536
0.394
0.943
0.411
0.285
0.075
0.205
0.037
0.039
0.483
0.407
0.675
0.994
0.988
0.821
0.626
0.827
0.301
0.973
0.24
0.252
0.499
0.955
0.347
0.174
0.309
0.26
0.073
0.808
0.534
0.057
0.444
0.599
0.857
0.501
0.834
0.771
0.45
0.373
0.967
0.692
0.092
0.166
0.665
0.768
0.67
0.305
0.091
0.801
0.364
0.715
0.041
0.527
0.516
0.071
0.939
0.125
0.003
0.748
0.215
0.509
0.779
0.341
0.598
0.151
0.185
0.19
0.121
0.623
0.153
0.745
0.822
0.109
0.733
0.23
0.441
0.001
0.594
0.284
0.629
0.26
0.602
0.604
0.683
0.661
0.487
0.203
0.736
0.897
0.825
0.327
0.72
0.567
0.04
0.793
0.458
0.78
0.228
0.91
0.029
0.637
0.535
0.765
0.99
0.719
0.252
0.138
0.586
0.61
0.938
0.444
0.293
0.347
0.813
0.993
0.438
0.723
0.248
0.572
0.056
0.81
0.708
0.235
0.285
0.757
0.025
0.122
0.24
0.574
0.691
0.069
0.088
0.754
0.329
0.882
0.299
0.658
0.233
0.682
0.533
0.655
0.809
0.116
0.562
0.317
0.686
0.925
0.637
0.743
0.33
0.688
0.998
0.498
0.015
0.745
0.032
0.574
0.823
0.217
0.349
0.961
0.01
0.002
0.617
0.17
0.625
0.387
0.595
0.018
0.928
0.341
0.122
0.879
0.042
0.914
0.925
0.974
0.804
0.6
0.012
0.753
0.886
0.388
0.556
0.549
0.15
0.284
0.137
0.498
0.027
0.351
0.33
0.377
0.848
0.826
0.02
0.497
0.075
0.115
0.222
0.153
0.223
0.895
0.887
0.062
0.888
0.802
0.046
0.345
0.518
0.392
0.019
0.127
0.232
0.674
0.889
0.721
0.345
0.946
0.358
0.479
0.039
0.278
0.389
0.199
0.396
0.497
0.537
0.074
0.675
0.992
0.983
0.057
0.805
0.304
0.558
0.766
0.891
0.149
0.562
0.545
0.242
0.024
0.538
0.093
0.895
0.761
0.821
0.943
0.994
0.526
0.383
0.557
0.956
0.298
0.888
0.48
0.398
0.506
0.463
0.486
0.396
0.562
0.925
0.375
0.435
0.874
0.411
0.215
0.635
0.479
0.702
0.854
0.059
0.493
0.823
0.512
0.721
0.905
0.026
0.038
0.875
0.168
0.946
0.371
0.854
0.899
0.857
0.988
0.189
0.067
0.819
0.064
0.275
0.095
0.317
0.304
0.649
0.838
0.258
0.388
0.063
0.92
0.812
0.841
0.284
0.671
0.955
0.368
0.794
0.022
0.972
0.126
0.699
0.484
0.583
0.839
0.179
0.465
0.97
0.959
0.717
0.735
0.847
0.821
0.466
0.861
0.499
0.322
0.941
0.19
0.784
0.217
0.645
0.713
0.748
0.707
0.821
0.511
0.658
0.913
0.385
0.025
0.57
0.56
0.916
0.605
0.683
0.003
0.192
0.16
0.012
0.441
0.905
0.718
0.184
0.61
0.501
0.866
0.373
0.911
0.281
0.448
0.41
0.769
0.129
0.982
0.29
0.8
0.019
0.349
0.689
0.338
0.412
0.272
0.836
0.303
0.776
0.721
0.167
0.25
0.738
0.754
0.289
0.974
0.01
0.91
0.575
0.346
0.64
0.842
0.88
0.419
0.667
0.823
0.249
0.673
0.032
0.424
0.966
0.558
0.331
0.44
0.632
0.824
0.477
0.138
0.386
0.03
0.545
0.572
0.135
0.81
0.199
0.383
0.425
0.377
0.368
0.766
0.989
0.743
0.705
0.227
0.71
0.898
0.839
0.354
0.491
0.34
0.384
0.605
0.287
0.526
0.18
0.877
0.998
0.007
0.36
0.537
0.195
0.818
0.172
0.055
0.257
0.643
0.489
0.605
0.143
0.038
0.255
0.452
0.294
0.869
0.152
0.195
0.367
0.33
0.559
0.12
0.631
0.259
0.016
0.104
0.211
0.899
0.787
0.99
0.97
0.229
0.267
0.281
0.92
0.954
0.357
0.081
0.452
0.306
0.108
0.258
0.125
0.488
0.423
0.739
0.576
0.082
0.026
0.271
0.22
0.258
0.486
0.52
0.126
0.149
0.815
0.54
0.94
0.661
0.184
0.517
0.677
0.592
0.609
0.21
0.536
0.383
0.223
0.854
0.649
0.505
0.68
0.849
0.816
0.307
0.769
0.592
0.977
0.42
0.088
0.459
0.733
0.436
0.988
0.943
0.376
0.646
0.086
0.968
0.647
0.337
0.14
0.043
0.586
0.919
0.224
0.114
0.794
0.059
0.746
0.937
0.557
0.456
0.193
0.829
0.788
0.275
0.471
0.286
0.11
0.464
0.131
0.77
0.433
0.57
0.555
0.179
0.368
0.506
0.474
0.137
0.347
0.421
0.056
0.615
0.067
0.715
0.293
0.885
0.631
0.42
0.627
0.165
0.057
0.82
0.853
0.432
0.025
0.833
0.313
0.459
0.232
0.754
0.847
0.991
0.316
0.097
0.506
0.551
0.215
0.478
0.223
0.575
0.287
0.714
0.46
0.024
0.111
0.79
0.456
0.642
0.762
0.968
0.782
0.359
0.63
0.935
0.728
0.354
0.493
0.005
0.398
0.926
0.843
0.735
0.241
0.993
0.571
0.41
0.81
0.864
0.943
0.925
0.292
0.322
0.742
0.205
0.068
0.951
0.988
0.315
0.91
0.27
0.021
0.529
0.772
0.55
0.7
0.482
0.951
0.19
0.479
0.559
0.512
0.455
0.986
0.675
0.115
0.774
0.654
0.728
0.034
0.679
0.109
0.227
0.556
0.18
0.226
0.766
0.602
0.31
0.177
0.054
0.095
0.024
0.551
0.999
0.956
0.907
0.235
0.863
0.298
0.146
0.428
0.875
0.525
0.278
0.553
0.879
0.977
0.405
0.368
0.68
0.412
0.242
0.336
0.762
0.073
0.132
0.612
0.122
0.179
0.299
0.409
0.726
0.91
0.271
0.819
0.234
0.664
0.814
0.209
0.617
0.378
0.241
0.469
0.844
0.942
0.995
0.793
0.388
0.187
0.951
0.291
0.418
0.375
0.846
0.375
0.582
0.087
0.128
0.319
0.478
0.271
0.168
0.905
0.752
0.618
0.11
0.812
0.585
0.302
0.243
0.4
0.782
0.485
0.351
0.015
0.083
0.556
0.338
0.143
0.086
0.041
0.633
0.198
0.513
0.494
0.52
0.023
0.798
0.366
0.072
0.17
0.828
0.853
0.36
0.886
0.877
0.207
0.625
0.545
0.3
0.616
0.99
0.176
0.961
0.054
0.437
0.272
0.12
0.539
0.07
0.03
0.282
0.32
0.291
0.319
0.552
0.586
0.798
0.467
0.833
0.215
0.031
0.611
0.256
0.004
0.232
0.059
0.148
0.66
0.357
0.273
0.903
0.261
0.514
0.841
0.671
0.633
0.752
0.478
0.564
0.648
0.797
0.309
0.155
0.672
0.428
0.385
0.566
0.744
0.191
0.813
0.797
0.279
0.544
0.57
0.136
0.622
0.251
0.637
0.19
0.734
0.065
0.644
0.731
0.01
0.565
0.087
0.59
0.806
0.552
0.807
0.411
0.238
0.335
0.38
0.533
0.538
0.46
0.818
0.299
0.072
0.534
0.325
0.811
0.071
0.823
0.486
0.802
0.791
0.493
0.309
0.801
0.927
0.772
0.085
0.178
0.073
0.088
0.979
0.178
0.634
0.317
0.576
0.953
0.265
0.767
0.663
0.629
0.283
0.043
0.987
0.165
0.615
0.981
0.473
0.011
0.083
0.948
0.498
0.303
0.315
0.62
0.482
0.247
0.798
0.323
0.922
0.48
0.507
0.826
0.881
0.425
0.1
0.084
0.477
0.044
0.25
0.922
0.402
0.867
0.449
0.515
0.856
0.946
0.306
0.226
0.379
0.96
0.35
0.391
0.198
0.699
0.431
0.711
0.569
0.98
0.101
0.651
0.272
0.837
0.11
0.372
0.785
0.066
0.992
0.119
0.66
0.14
0.971
0.4
0.167
0.114
0.518
0.212
0.935
0.063
0.148
0.803
0.314
0.66
0.309
0.191
0.548
0.58
0.958
0.446
0.047
0.021
0.355
0.445
0.132
0.046
0.321
0.845
0.027
0.843
0.906
0.251
0.342
0.322
0.861
0.672
0.448
0.546
0.252
0.406
0.757
0.277
0.018
0.11
0.125
0.719
0.337
0.178
0.007
0.799
0.029
0.833
0.883
0.588
0.269
0.66
0.948
0.538
0.262
0.548
0.18
0.231
0.486
0.3
0.985
0.595
0.18
0.012
0.036
0.315
0.292
0.636
0.703
0.248
0.21
0.072
0.907
0.197
0.054
0.714
0.853
0.63
0.171
0.584
0.06
0.904
0.254
0.135
0.02
0.987
0.983
0.412
0.043
0.515
0.713
0.27
0.523
0.579
0.712
0.517
0.163
0.736
0.962
0.783
0.684
0.167
0.86
0.428
0.863
0.174
0.078
0.482
0.43
0.583
0.059
0.984
0.857
0.206
0.05
0.053
0.263
0.341
0.913
0.216
0.264
0.949
0.989
0.809
0.871
0.798
0.602
0.368
0.218
0.437
0.252
0.328
0.252
0.493
0.716
0.664
0.223
0.857
0.327
0.725
0.916
0.773
0.84
0.017
0.539
0.005
0.625
0.834
0.504
0.477
0.086
0.465
0.515
0.165
0.866
0.707
0.579
0.482
0.084
0.491
0.81
0.31
0.465
0.939
0.228
0.054
0.033
0.552
0.204
0.474
0.337
0.823
0.276
0.322
0.347
0.667
0.594
0.206
0.85
0.222
0.557
0.004
0.739
0.758
0.929
0.45
0.607
0.237
0.076
0.263
0.734
0.265
0.597
0.528
0.911
0.467
0.661
0.619
0.166
0.323
0.341
0.15
0.163
0.146
0.545
0.064
0.036
0.139
0.568
0.306
0.489
0.545
0.744
0.71
0.003
0.44
0.976
0.247
0.805
0.44
0.181
0.083
0.157
0.97
0.213
0.186
0.209
0.379
0.11
0.506
0.084
0.384
0.634
0.822
0.135
0.913
0.023
0.67
0.462
0.542
0.457
0.009
0.468
0.212
0.845
0.412
0.499
0.652
0.679
0.045
0.029
0.463
0.406
0.592
0.959
0.654
0.099
0.71
0.467
0.889
0.274
0.192
0.09
0.963
0.705
0.104
0.724
0.012
0.786
0.336
0.429
0.638
0.151
0.036
0.845
0.411
0.157
0.952
0.526
0.216
0.75
0.262
0.965
0.537
0.513
0.322
0.095
0.174
0.984
0.746
0.139
0.561
0.478
0.55
0.607
0.749
0.943
0.916
0.797
0.561
0.705
0.037
0.596
0.725
0.899
0.981
0.875
0.941
0.157
0.921
0.593
0.812
0.66
0.599
0.477
0.862
0.041
0.177
0.604
0.087
0.016
0.485
0.209
0.83
0.657
0.717
0.279
0.688
0.736
0.909
0.544
0.916
0.121
0.386
0.682
0.104
0.153
0.591
0.394
0.004
0.393
0.487
0.371
0.099
0.361
0.224
0.374
0.844
0.737
0.445
0.209
0.286
0.567
0.777
0.131
0.603
0.383
0.172
0.089
0.063
0.761
0.333
0.034
0.438
0.102
0.266
0.18
0.442
0.27
0.046
0.322
0.731
0.444
0.094
0.488
0.635
0.389
0.599
0.795
0.136
0.497
0.169
0.642
0.763
0.41
0.666
0.396
0.122
0.669
0.25
0.769
0.107
0.13
0.735
0.677
0.136
0.599
0.054
0.324
0.42
0.449
0.886
0.739
0.431
0.146
0.394
0.475
0.142
0.571
0.959
0.25
0.236
0.082
0.144
0.774
0.769
0.169
0.373
0.004
0.678
0.447
0.452
0.405
0.553
0.87
0.861
0.616
0.081
0.575
0.414
0.455
0.663
0.193
0.683
0.813
0.809
0.174
0.126
0.407
0.869
0.791
0.555
0.181
0.094
0.197
0.943
0.657
0.568
0.259
0.001
0.768
0.308
0.43
0.415
0.392
0.097
0.967
0.907
0.52
0.588
0.461
0.962
0.785
0.558
0.487
0.157
0.53
0.309
0.015
0.873
0.615
0.71
0.175
0.488
0.748
0.873
0.114
0.572
0.542
0.232
0.79
0.894
0.314
0.5
0.798
0.803
0.361
0.376
0.149
0.285
0.465
0.837
0.419
0.683
0.072
0.806
0.499
0.517
0.67
0.471
0.358
0.254
0.089
0.725
0.136
0.515
0.648
0.451
0.972
0.902
0.695
0.687
0.33
0.511
0.726
0.777
0.358
0.292
0.578
0.345
0.957
0.419
0.492
0.887
0.126
0.161
0.902
0.536
0.909
0.897
0.005
0.51
0.765
0.749
0.598
0.913
0.092
0.174
0.744
0.11
0.525
0.776
0.212
0.647
0.267
0.949
0.496
0.607
0.356
0.859
0.409
0.725
0.368
0.449
0.832
0.511
0.607
0.551
0.789
0.106
0.613
0.669
0.021
0.261
0.624
0.674
0.805
0.384
0.104
0.361
0.447
0.352
0.352
0.845
0.589
0.6
0.427
0.124
0.771
0.133
0.511
0.816
0.891
0.803
0.918
0.652
0.564
0.688
0.879
0.148
0.27
0.411
0.212
0.869
0.663
0.472
0.808
0.012
0.431
0.959
0.454
0.093
0.03
0.52
0.078
0.936
0.306
0.278
0.339
0.898
0.96
0.473
0.691
0.93
0.487
0.606
0.859
0.0
0.248
0.486
0.516
0.999
0.148
0.497
0.687
0.478
0.235
0.171
0.237
0.957
0.423
0.336
0.599
0.018
0.786
0.817
0.69
0.842
0.099
0.492
0.082
0.758
0.687
0.125
0.711
0.019
0.736
0.79
0.7
0.14
0.354
0.981
0.681
0.786
0.522
0.743
0.588
0.529
0.025
0.04
0.097
0.365
0.528
0.102
0.912
0.798
0.833
0.092
0.458
0.731
0.662
0.236
0.556
0.693
0.781
0.759
0.014
0.841
0.31
0.921
0.398
0.479
0.821
0.618
0.821
0.862
0.253
0.888
0.535
0.606
0.205
0.54
0.229
0.142
0.899
0.557
0.855
0.29
0.179
0.756
0.373
0.184
0.239
0.857
0.829
0.318
0.327
0.778
0.647
0.657
0.852
0.968
0.302
0.139
0.411
0.074
0.78
0.531
0.059
0.019
0.966
0.539
0.877
0.858
0.419
0.565
0.245
0.079
0.977
0.05
0.956
0.796
0.628
0.321
0.341
0.31
0.793
0.619
0.312
0.489
0.197
0.57
0.762
0.583
0.362
0.327
0.753
0.313
0.94
0.177
0.13
0.734
0.078
0.843
0.981
0.747
0.994
0.311
0.62
0.459
0.194
0.004
0.241
0.884
0.3
0.556
0.441
0.939
0.56
0.654
0.895
0.63
0.02
0.226
0.81
0.388
0.668
0.316
0.668
0.178
0.506
0.956
0.462
0.912
0.216
0.655
0.245
0.768
0.504
0.077
0.57
0.401
0.088
0.126
0.365
0.872
0.44
0.882
0.971
0.886
0.681
0.488
0.746
0.131
0.453
0.319
0.387
0.762
0.724
0.211
0.35
0.192
0.195
0.338
0.888
0.649
0.341
0.182
0.052
0.614
0.162
0.939
0.007
0.289
0.386
0.793
0.356
0.85
0.394
0.737
0.894
0.155
0.128
0.977
0.055
0.181
0.337
0.001
0.143
0.776
0.375
0.959
0.488
0.554
0.316
0.047
0.027
0.903
0.496
0.812
0.029
0.446
0.418
0.992
0.645
0.783
0.719
0.591
0.903
0.72
0.308
0.103
0.037
0.904
0.693
0.323
0.235
0.416
0.36
0.096
0.881
0.388
0.402
0.248
0.057
0.365
0.64
0.29
0.009
0.593
0.971
0.941
0.3
0.804
0.02
0.71
0.607
0.803
0.152
0.687
0.131
0.054
0.297
0.089
0.476
0.871
0.795
0.173
0.978
0.49
0.716
0.693
0.825
0.647
0.284
0.008
0.853
0.039
0.672
0.974
0.687
0.804
0.846
0.693
0.432
0.935
0.771
0.634
0.106
0.074
0.897
0.984
0.89
0.945
0.484
0.975
0.992
0.091
0.413
0.356
0.713
1.0
0.721
0.834
0.918
0.716
0.742
0.076
0.926
0.95
0.38
0.37
0.998
0.833
0.221
0.427
0.499
0.416
0.157
0.56
0.342
0.962
0.499
0.602
0.006
0.027
0.468
0.866
0.557
0.622
0.896
0.468
0.596
0.729
0.997
0.64
0.542
0.907
0.389
0.251
0.364
0.013
0.682
0.274
0.955
0.514
0.852
0.306
0.201
0.317
0.514
0.73
0.712
0.032
0.668
0.32
0.709
0.954
0.812
0.267
0.705
0.085
0.925
0.734
0.797
0.819
0.583
0.146
0.164
0.536
0.694
0.757
0.722
0.428
0.382
0.843
0.646
0.511
0.309
0.654
0.13
0.961
0.505
0.184
0.869
0.132
0.769
0.462
0.616
0.896
0.365
0.822
0.539
0.353
0.021
0.965
0.552
0.702
0.192
0.629
0.578
0.237
0.807
0.563
0.039
0.805
0.533
0.578
0.413
0.228
0.386
0.555
0.671
0.5
0.645
0.893
0.41
0.808
0.273
0.697
0.81
0.486
0.593
0.73
0.65
0.368
0.612
0.679
0.747
0.755
0.028
0.254
0.541
0.653
0.92
0.934
0.449
0.772
0.923
0.469
0.184
0.005
0.521
0.071
0.226
0.493
0.471
0.192
0.645
0.578
0.106
0.772
0.91
0.343
0.105
0.157
0.741
1.0
0.027
0.959
0.969
