0.781
0.948
0.882
0.144
0.315
0.663
0.348
0.904
0.322
0.916
0.377
0.597
0.674
0.1
0.926
0.085
0.715
0.581
0.182
0.827
0.214
0.348
0.62
0.848
0.575
0.468
0.261
0.912
0.475
0.262
0.134
0.524
0.964
0.885
0.836
0.882
0.267
0.466
0.78
0.634
0.449
0.584
0.446
0.847
0.175
0.417
0.329
0.524
0.007
0.044
0.11
0.038
0.8
0.24
0.54
0.844
0.565
0.49
0.219
0.999
0.657
0.127
0.44
0.667
0.545
0.77
0.938
0.381
0.057
0.345
0.357
0.459
0.929
0.615
0.964
0.772
0.969
0.101
0.469
0.501
0.093
0.082
0.342
0.778
0.052
0.495
0.961
0.499
0.131
0.527
0.539
0.915
0.482
0.056
0.872
0.129
0.256
0.952
0.265
0.693
0.364
0.831
0.763
0.894
0.597
0.391
0.109
0.131
0.411
0.142
0.827
0.766
0.934
0.822
0.26
0.785
0.107
0.254
0.363
0.776
0.687
0.792
0.985
0.998
0.436
0.853
0.27
0.42
0.641
0.983
0.368
0.542
0.406
0.499
0.379
0.63
0.935
0.796
0.383
0.3
0.378
0.537
0.207
0.13
0.118
0.732
0.882
0.015
0.521
0.379
0.515
0.688
0.584
0.924
0.272
0.25
0.982
0.678
0.821
0.248
0.916
0.596
0.921
0.864
0.288
0.211
0.446
0.773
0.384
0.851
0.63
0.375
0.498
0.556
0.642
0.363
0.069
0.152
0.579
0.914
0.655
0.984
0.981
0.432
0.545
0.008
0.67
0.71
0.134
0.802
0.239
0.749
0.527
0.308
0.533
0.85
0.635
0.122
0.148
0.301
0.112
0.931
0.488
0.018
0.861
0.095
0.409
0.156
0.997
0.354
0.858
0.391
0.184
0.477
0.695
0.912
0.336
0.968
0.145
0.603
0.169
0.743
0.164
0.748
0.976
0.253
0.685
0.648
0.069
0.837
0.417
0.893
0.855
0.178
0.614
0.182
0.978
0.421
0.184
0.206
0.085
0.015
0.01
0.39
0.572
0.142
0.357
0.893
0.807
0.59
0.73
0.191
0.87
0.332
0.066
0.941
0.894
0.272
0.038
0.732
0.394
0.74
0.078
0.514
0.196
0.955
0.452
0.274
0.491
0.336
0.62
0.686
0.587
0.289
0.544
0.985
0.476
0.847
0.132
0.426
0.672
0.947
0.51
0.669
0.809
0.092
0.189
0.29
0.641
0.871
0.168
0.891
0.753
0.225
0.333
0.521
0.45
0.388
0.7
0.844
0.437
0.645
0.041
0.648
0.536
0.647
0.492
0.329
0.036
0.276
0.217
0.486
0.313
0.502
0.542
0.169
0.183
0.084
0.592
0.952
0.788
0.459
0.557
0.059
0.716
0.696
0.206
0.587
0.47
0.114
0.086
0.677
0.761
0.537
0.522
0.014
0.291
0.999
0.416
0.646
0.351
0.095
0.106
0.848
0.226
0.645
0.957
0.687
0.262
0.763
0.37
0.668
0.39
0.699
0.636
0.476
0.983
0.923
0.288
0.738
0.048
0.353
0.676
0.677
0.06
0.771
0.859
0.313
0.4
0.532
0.871
0.47
0.995
0.887
0.286
0.524
0.878
0.25
0.358
0.391
0.159
0.486
0.871
0.608
0.346
0.739
0.421
0.906
0.654
0.338
0.385
0.919
0.899
0.431
0.761
0.244
0.819
0.199
0.889
0.727
0.82
0.277
0.484
0.757
0.477
0.158
0.325
0.414
0.087
0.697
0.545
0.65
0.826
0.162
0.871
0.872
0.009
0.321
0.194
0.012
0.698
0.5
0.172
0.891
0.406
0.741
0.118
0.713
0.592
0.158
0.939
0.542
0.105
0.825
0.673
0.267
0.012
0.499
0.335
0.191
0.103
0.622
0.477
0.041
0.932
0.887
0.252
0.217
0.045
0.808
0.06
0.21
0.011
0.806
0.905
0.174
0.655
0.715
0.218
0.972
0.964
0.639
0.796
0.195
0.536
0.768
0.81
0.696
0.392
0.124
0.504
0.533
0.773
0.549
0.965
0.058
0.303
0.456
0.242
0.862
0.369
0.899
0.374
0.378
0.283
0.877
0.996
0.315
0.084
0.06
0.985
0.797
0.254
0.727
0.211
0.573
0.153
0.649
0.296
0.305
