0.0026
0.00273
0.00324
0.00394
0.00441
0.00475
0.00726
0.00745
0.00748
0.00765
0.0078
0.01064
0.01209
0.0144
0.01471
0.01507
0.01527
0.01537
0.0155
0.01781
0.01807
0.0196
0.02064
0.02337
0.02346
0.02424
0.02465
0.02859
0.03009
0.03065
0.03153
0.0322
0.03269
0.03404
0.03574
0.03578
0.03807
0.03874
0.03938
0.04042
0.04046
0.04096
0.04277
0.0433
0.04478
0.04484
0.0453
0.04754
0.04885
0.05116
0.05122
0.0515
0.053
0.05302
0.05318
0.05411
0.05423
0.05613
0.05857
0.05931
0.05967
0.06062
0.68674
0.06183
0.06237
0.06556
0.06594
0.07092
0.07105
0.07145
0.07472
0.0752
0.07613
0.07651
0.07654
0.07923
0.07999
0.08075
0.08144
0.08144
0.08216
0.08301
0.08312
0.08362
0.68603
0.08485
0.08532
0.08554
0.08555
0.08713
0.08734
0.08835
0.08925
0.08926
0.08987
0.09163
0.09195
0.09328
0.09377
0.09387
0.094
0.09481
0.0957
0.09691
0.09865
0.09944
0.10023
0.10278
0.10351
0.10354
0.10375
0.50554
0.10485
0.50482
0.10527
0.10558
0.11161
0.11224
0.11327
0.11449
0.11468
0.11498
0.11584
0.11764
0.11772
0.11883
0.11938
0.12063
0.12138
0.12295
0.12327
0.12405
0.12531
0.12545
0.12551
0.1276
0.1282
0.12871
0.12939
0.13477
0.13609
0.13654
0.13724
0.13814
0.1386
0.13995
0.14001
0.14015
0.14339
0.14344
0.14353
0.14374
0.14591
0.14591
0.14731
0.14825
0.14895
0.15068
0.15147
0.15175
0.15275
0.1533
0.15575
0.15593
0.15642
0.15797
0.16112
0.16248
0.16384
0.16386
0.16406
0.1649
0.16528
0.16653
0.16684
0.16691
0.1671
0.16722
0.16799
0.16926
0.16932
0.17124
0.17416
0.17443
0.1771
0.17781
0.17803
0.17832
0.18428
0.18491
0.18537
0.18704
0.18781
0.18797
0.19141
0.19241
0.19412
0.19512
0.19561
0.19589
0.19943
0.20061
0.20288
0.20371
0.20587
0.2062
0.20678
0.20764
0.20803
0.21021
0.21133
0.21289
0.21349
0.21366
0.21742
0.21758
0.21761
0.2177
0.21774
0.21862
0.22401
0.22519
0.22528
0.2258
0.2266
0.22739
0.38477
0.26713
0.22903
0.22941
0.2298
0.23035
0.23097
0.23129
0.2322
0.23304
0.23354
0.23489
0.23633
0.23688
0.23708
0.23794
0.54528
0.24159
0.24261
0.30113
0.24437
0.24472
0.24611
0.24621
0.24715
0.24783
0.24786
0.24907
0.24993
0.25013
0.25029
0.25106
0.25138
0.25223
0.25287
0.25477
0.25605
0.25711
0.25954
0.2597
0.26034
0.26198
0.26202
0.26203
0.26213
0.26215
0.26322
0.26378
0.26442
0.22838
0.26741
0.26893
0.26907
0.26946
0.26971
0.27037
0.27311
0.27364
0.27589
0.27598
0.27636
0.27886
0.28129
0.28187
0.28265
0.2827
0.28364
0.28375
0.28391
0.28447
0.28563
0.28655
0.28788
0.28788
0.28875
0.29002
0.29067
0.29117
0.29289
0.29349
0.29491
0.29522
0.29551
0.2969
0.297
0.29701
0.2986
0.29873
0.2993
0.29978
0.30107
0.24428
0.30372
0.30416
0.30479
0.30765
0.30825
0.30841
0.31037
0.31072
0.31207
0.31211
0.31709
0.79711
0.3202
0.32034
0.32144
0.32162
0.32509
0.32561
0.32716
0.32774
0.9107
0.32963
0.33039
0.33083
0.33148
0.51586
0.33266
0.33442
0.33479
0.33744
0.33851
0.34068
0.34141
0.34158
0.3431
0.34393
0.34467
0.34589
0.3473
0.34731
0.3477
0.34792
0.34959
0.35023
0.3515
0.35385
0.35542
0.35577
0.35675
0.35912
0.35983
0.98162
0.36152
0.36365
0.36393
0.36431
0.36452
0.3669
0.36698
0.36841
0.36868
0.36954
0.36963
0.37012
0.37126
0.37264
0.375
0.37593
0.37597
0.37835
0.37959
0.37992
0.38015
0.38285
0.38292
0.38351
0.38352
0.38383
0.38389
0.22833
0.38635
0.3894
0.38958
0.39129
0.39157
0.39158
0.39165
0.3917
0.39181
0.39452
0.39558
0.3963
0.39797
0.39827
0.40055
0.40165
0.40225
0.40381
0.40538
0.40629
0.40678
0.40918
0.41009
0.41021
0.41081
0.41246
0.41306
0.41404
0.41465
0.4153
0.41541
0.41582
0.41768
0.41842
0.41943
0.42024
0.42155
0.44313
0.42419
0.42506
0.42797
0.42811
0.42916
0.42936
0.42999
0.43063
0.43068
0.43148
0.43198
0.43209
0.43237
0.43525
0.43569
0.4363
0.43695
0.43716
0.43779
0.43837
0.43882
0.43892
0.43995
0.44023
0.44109
0.44261
0.42416
0.44339
0.4435
0.44356
0.44444
0.44634
0.44668
0.44683
0.44736
0.44906
0.44914
0.44928
0.45021
0.45102
0.45148
0.45184
0.45234
0.45257
0.45349
0.45404
0.4545
0.45566
0.45615
0.45766
0.45783
0.45826
0.45857
0.45861
0.45913
0.46119
0.46249
0.4628
0.4635
0.46417
0.46523
0.46683
0.46741
0.46746
0.46747
0.46794
0.47087
0.47158
0.47307
0.47379
0.47476
0.47492
0.47569
0.47613
0.47615
0.47769
0.47872
0.47943
0.48096
0.48459
0.48543
0.488
0.48825
0.48873
0.48976
0.49034
0.49154
0.49169
0.49522
0.49638
0.49713
0.4973
0.49936
0.50341
0.50403
0.50411
0.105
0.10464
0.50611
0.50663
0.58209
0.50714
0.99482
0.51205
0.51381
0.51392
0.51506
0.51579
0.3317
0.51693
0.52136
0.52178
0.52229
0.52278
0.52364
0.52429
0.52457
0.5246
0.52802
0.52967
0.52997
0.53053
0.53176
0.5325
0.53369
0.53551
0.53787
0.53923
0.53962
0.54006
0.54314
0.54468
0.23921
0.54544
0.54708
0.54733
0.54827
0.54901
0.54912
0.55001
0.55154
0.55192
0.55245
0.55277
0.55483
0.55634
0.55652
0.55669
0.55797
0.55857
0.56062
0.56145
0.56196
0.56213
0.56298
0.56417
0.56445
0.56516
0.56705
0.56747
0.56898
0.56974
0.57074
0.57088
0.57112
0.57302
0.57338
0.57365
0.57365
0.57401
0.57443
0.57645
0.57885
0.57939
0.58059
0.50706
0.5836
0.58403
0.58609
0.58781
0.5885
0.58915
0.59058
0.59108
0.59174
0.59308
0.59354
0.59437
0.59512
0.5953
0.5958
0.59582
0.59905
0.60002
0.6006
0.60133
0.60281
0.60433
0.60458
0.60503
0.60511
0.60661
0.60684
0.60689
0.60855
0.60934
0.60974
0.61119
0.61121
0.61141
0.61267
0.61382
0.61389
0.61722
0.61785
0.61836
0.61881
0.61894
0.62103
0.62329
0.62537
0.62687
0.62773
0.62787
0.62837
0.63833
0.63611
0.63681
0.63802
0.63519
0.63992
0.6424
0.64617
0.64722
0.90308
0.97135
0.65127
0.65275
0.65351
0.65376
0.65408
0.65437
0.65547
0.65563
0.65571
0.65711
0.65741
0.89401
0.6613
0.66341
0.66416
0.66451
0.66567
0.6688
0.6695
0.66984
0.66994
0.67026
0.67122
0.67123
0.67162
0.67344
0.67425
0.67469
0.67486
0.67692
0.6772
0.67771
0.67826
0.6787
0.67899
0.68051
0.68465
0.68559
0.08475
0.68656
0.06151
0.68714
0.69288
0.69339
0.69655
0.6979
0.69871
0.69893
0.69962
0.70026
0.70181
0.70255
0.7029
0.70505
0.70561
0.70716
0.70724
0.70921
0.71031
0.71232
0.71509
0.71927
0.72035
0.7218
0.72381
0.72484
0.72585
0.72691
0.72769
0.72779
0.72845
0.72926
0.73014
0.73066
0.7309
0.73102
0.73174
0.73372
0.7362
0.74081
0.74101
0.74145
0.742
0.74278
0.74459
0.74543
0.746
0.74698
0.74704
0.74757
0.74812
0.74863
0.74979
0.75175
0.75178
0.75337
0.7562
0.75637
0.9973
0.76052
0.76087
0.76187
0.76205
0.76357
0.76495
0.76655
0.76733
0.76886
0.76928
0.76931
0.76991
0.77021
0.77431
0.77502
0.77621
0.77753
0.77768
0.77924
0.78191
0.78226
0.78463
0.78618
0.78664
0.7876
0.78804
0.79028
0.79128
0.79213
0.7925
0.79394
0.79475
0.79505
0.31732
0.79714
0.7978
0.79809
0.79934
0.79984
0.80083
0.80095
0.80101
0.8013
0.80197
0.80417
0.80429
0.80464
0.8074
0.80929
0.81029
0.81101
0.81193
0.81218
0.81221
0.81241
0.81324
0.81453
0.81629
0.81652
0.81788
0.81852
0.81929
0.82034
0.82055
0.82063
0.82068
0.82072
0.82238
0.82252
0.82375
0.82529
0.82554
0.82555
0.82978
0.83048
0.83049
0.8323
0.8324
0.83418
0.8362
0.83657
0.83681
0.83739
0.83817
0.83923
0.83946
0.83962
0.84159
0.84167
0.84417
0.84558
0.84685
0.84708
0.84753
0.8482
0.84926
0.84928
0.87767
0.85081
0.85228
0.85289
0.85436
0.85515
0.85634
0.85641
0.85673
0.85733
0.85748
0.85774
0.85835
0.85849
0.85897
0.85999
0.86028
0.86107
0.86148
0.86183
0.86232
0.86274
0.86659
0.8696
0.86967
0.87027
0.87075
0.87538
0.87631
0.84953
0.87831
0.87965
0.87967
0.88151
0.88167
0.88186
0.88326
0.88522
0.88616
0.88702
0.88781
0.88871
0.88982
0.89289
0.89322
0.66116
0.89528
0.89612
0.89655
0.898
0.8986
0.89908
0.90253
0.64841
0.90499
0.90576
0.90626
0.9065
0.90706
0.32794
0.91097
0.91147
0.91157
0.9119
0.91338
0.91528
0.91675
0.91757
0.92082
0.92311
0.92527
0.9274
0.92805
0.92853
0.93186
0.93247
0.93296
0.93332
0.93395
0.93723
0.93735
0.9384
0.93847
0.93916
0.93975
0.94128
0.94258
0.94522
0.95005
0.95048
0.95177
0.95318
0.95349
0.95352
0.95764
0.95939
0.96022
0.9609
0.96444
0.96497
0.96865
0.96883
0.9698
0.97071
0.64921
0.9729
0.97401
0.97421
0.97496
0.97605
0.97924
0.98
0.98085
0.98124
0.36024
0.98213
0.9824
0.98367
0.984
0.98563
0.98744
0.98823
0.98836
0.98903
0.99231
0.50977
0.99575
0.75947
0.99757
0.99827
0.99951
0.99967
