0.00059
0.00062
0.00078
0.4699
0.00144
0.00152
0.35485
0.00208
0.00218
0.00237
0.00289
0.00333
0.0035
0.0038
0.00385
0.00386
0.00397
0.004
0.00402
0.00428
0.00441
0.00448
0.00486
0.00511
0.00523
0.00557
0.00561
0.00567
0.00576
0.00604
0.00629
0.00629
0.0069
0.00697
0.00728
0.00738
0.00761
0.00777
0.00784
0.00785
0.00793
0.00847
0.99191
0.00903
0.00923
0.00931
0.00937
0.00995
0.01024
0.01031
0.0105
0.01057
0.35696
0.01071
0.01086
0.01095
0.0113
0.01143
0.01152
0.01166
0.01183
0.01183
0.01184
0.0119
0.01194
0.01227
0.01231
0.01245
0.01336
0.01343
0.01364
0.87403
0.01472
0.01532
0.01536
0.01551
0.01585
0.01592
0.0163
0.01641
0.01657
0.01667
0.01764
0.01775
0.01782
0.01807
0.0184
0.01846
0.01921
0.01924
0.0195
0.01951
0.01955
0.01983
0.02005
0.02012
0.02016
0.02074
0.02082
0.02114
0.02137
0.02155
0.02157
0.02169
0.0219
0.02212
0.02213
0.02236
0.55085
0.02246
0.02247
0.02298
0.02315
0.02323
0.02342
0.02358
0.02423
0.02466
0.0248
0.0252
0.02522
0.23182
0.02559
0.02582
0.02615
0.02622
0.02635
0.02658
0.359
0.02696
0.02701
0.02704
0.90355
0.02773
0.02805
0.02815
0.02837
0.02854
0.02855
0.02859
0.02877
0.02959
0.02985
0.02999
0.03035
0.03071
0.03076
0.03081
0.03099
0.03099
0.03159
0.03188
0.03215
0.03258
0.03261
0.03319
0.03328
0.03339
0.72724
0.0338
0.03402
0.03404
0.03404
0.03422
0.03428
0.03442
0.03459
0.03508
0.03511
0.03537
0.03542
0.0356
0.03627
0.0364
0.03648
0.0365
0.03658
0.0373
0.03735
0.03739
0.03751
0.038
0.03848
0.03851
0.03859
0.03868
0.03928
0.03933
0.03951
0.03959
0.0399
0.03998
0.04007
0.04009
0.04015
0.04033
0.04036
0.04044
0.04092
0.04155
0.04208
0.04226
0.04254
0.04259
0.04267
0.04313
0.04358
0.04368
0.04395
0.0448
0.0449
0.04499
0.04506
0.04514
0.04515
0.04526
0.04527
0.04597
0.04625
0.04642
0.04665
0.04666
0.04668
0.0468
0.04739
0.71288
0.04785
0.04787
0.04797
0.048
0.04831
0.04833
0.0486
0.04864
0.0487
0.04906
0.32025
0.0491
0.04916
0.04936
0.04961
0.04978
0.0498
0.04988
0.04991
0.04993
0.04995
0.05021
0.05063
0.05159
0.71178
0.37268
0.05244
0.05279
0.05285
0.05318
0.05391
0.05412
0.05416
0.05426
0.05446
0.05538
0.0556
0.05563
0.05566
0.05575
0.05582
0.05598
0.05626
0.05662
0.05672
0.05694
0.05734
0.05754
0.05785
0.0584
0.05856
0.05872
0.05875
0.05981
0.05987
0.05995
0.06013
0.06023
0.0603
0.06076
0.06111
0.06127
0.06144
0.06152
0.06173
0.06194
0.0622
0.06221
0.06287
0.06312
0.06313
0.06343
0.06387
0.06393
0.06399
0.06407
0.06456
0.06464
0.06483
0.70293
0.06515
0.06528
0.06549
0.0657
0.06584
0.06596
0.06614
0.06621
0.06637
0.06662
0.06693
0.0671
0.0673
0.06771
0.06776
0.06796
0.0683
0.06836
0.06839
0.93993
0.06851
0.06874
0.06874
0.06882
0.06911
0.06941
0.06947
0.06961
0.06971
0.06988
0.0699
0.07037
0.07043
0.07044
0.07046
0.07047
0.07055
0.07061
0.07063
0.07067
0.07101
0.07132
0.07138
0.07148
0.0715
0.07164
0.07173
0.07183
0.07194
0.07211
0.07218
0.07221
0.07234
0.07259
0.07265
0.07266
0.07289
0.07292
0.07297
0.07307
0.07319
0.07345
0.07352
0.07354
0.07383
0.07391
0.07401
0.07413
0.07458
0.07459
0.07472
0.07493
0.07496
0.07514
0.07536
0.07537
0.07539
0.0756
0.07588
0.07605
0.07605
0.07704
0.07738
0.07775
0.07786
0.07787
0.07791
0.07798
0.07798
0.07827
0.07871
0.07884
0.07889
0.07914
0.07919
0.07927
0.0794
0.07963
0.07969
0.07972
0.07988
0.07994
0.0801
0.08019
0.08056
0.0815
0.08185
0.08255
0.08256
0.08257
0.0827
0.08281
0.13904
0.08309
0.08313
0.63404
0.08415
0.08432
0.08449
0.08492
0.08511
0.08524
0.08558
0.08559
0.08639
0.08698
0.08771
0.08796
0.08902
0.08913
0.08922
0.08925
0.08927
0.0893
0.08946
0.0895
0.0899
0.08996
0.09033
0.09077
0.091
0.09123
0.09129
0.09129
0.09142
0.09172
0.09192
0.09197
0.09234
0.09244
0.09253
0.09255
0.09293
0.09318
0.09328
0.09339
0.59641
0.09388
0.09398
0.09405
0.09405
0.09431
0.09439
0.09446
0.09457
0.09465
0.0947
0.09473
0.09475
0.09478
0.09488
0.0949
0.09546
0.0955
0.09551
0.09576
0.09586
0.09632
0.09645
0.09656
0.09668
0.0968
0.09685
0.0969
0.09706
0.0971
0.09726
0.09727
0.09732
0.09738
0.09761
0.09776
0.10185
0.09806
0.09822
0.09824
0.09829
0.09836
0.09837
0.09839
0.09841
0.09848
0.09879
0.09887
0.09896
0.09927
0.09966
0.09967
0.09982
0.09999
0.10003
0.10046
0.10073
0.10125
0.10133
0.10137
0.10173
0.09777
0.10187
0.87369
0.10298
0.10317
0.10321
0.10323
0.10333
0.10345
0.10346
0.10347
0.10352
0.10385
0.10445
0.10522
0.10529
0.1057
0.1058
0.10591
0.10596
0.10614
0.10625
0.1063
0.10634
0.10652
0.10694
0.10698
0.10717
0.10724
0.10738
0.10776
0.10802
0.10804
0.10805
0.10823
0.10826
0.10834
0.10839
0.10855
0.10902
0.10916
0.10917
0.10943
0.10956
0.10959
0.10962
0.10981
0.11036
0.11044
0.1106
0.11073
0.11098
0.11098
0.11104
0.11216
0.11264
0.11301
0.11318
0.11324
0.1136
0.11376
0.11423
0.11428
0.50129
0.1153
0.11554
0.11579
0.11581
0.11587
0.11607
0.11619
0.11661
0.11685
0.1171
0.11735
0.11773
0.11782
0.11783
0.11801
0.11876
0.11912
0.11913
0.11943
0.11968
0.12001
0.12006
0.12058
0.12069
0.12074
0.44333
0.12141
0.12146
0.12169
0.12186
0.12228
0.12242
0.12298
0.1231
0.60402
0.12385
0.12393
0.12439
0.12462
0.12491
0.12499
0.12538
0.12559
0.12567
0.12579
0.12603
0.1261
0.12611
0.12621
0.12639
0.12657
0.12663
0.12684
0.12705
0.12727
0.12791
0.12793
0.12804
0.12806
0.12844
0.12853
0.12864
0.12966
0.12985
0.12985
0.13018
0.1307
0.1307
0.13096
0.13115
0.13208
0.13236
0.46286
0.13248
0.13282
0.13308
0.13409
0.13409
0.13452
0.13466
0.1349
0.13494
0.13501
0.13515
0.1352
0.13581
0.13584
0.13593
0.65865
0.13673
0.13687
0.13689
0.13705
0.13718
0.1372
0.31336
0.13744
0.13765
0.13791
0.13896
0.13897
0.13902
0.0829
0.13919
0.13947
0.13962
0.1399
0.13996
0.14037
0.14053
0.14085
0.141
0.14103
0.14125
0.14154
0.1416
0.14162
0.14165
0.14188
0.14212
0.14245
0.14259
0.14275
0.14276
0.14289
0.143
0.14303
0.14306
0.14359
0.14385
0.14396
0.14417
0.14429
0.14429
0.1443
0.14467
0.14493
0.14494
0.14495
0.14519
0.14521
0.14523
0.14581
0.14585
0.1466
0.14676
0.14695
0.14696
0.14714
0.14735
0.1474
0.1474
0.14761
0.14824
0.14834
0.14875
0.14885
0.14898
0.1491
0.14919
0.14931
0.1496
0.14962
0.14992
0.14994
0.15037
0.15042
0.15075
0.15116
0.15124
0.15145
0.15152
0.15159
0.15181
0.15233
0.15251
0.15262
0.15344
0.15347
0.15364
0.15369
0.15406
0.15425
0.27839
0.29614
0.15449
0.15466
0.15469
0.15469
0.22602
0.155
0.15562
0.15575
0.15579
0.15589
0.15591
0.15694
0.15747
0.99188
0.15872
0.1588
0.15895
0.15904
0.15907
0.15916
0.15958
0.16018
0.1603
0.16101
0.16197
0.16242
0.16251
0.16278
0.1634
0.16381
0.16394
0.16411
0.16433
0.16434
0.1646
0.16472
0.16515
0.16516
0.16523
0.16545
0.16552
0.1659
0.16611
0.16612
0.16651
0.16673
0.16688
0.16701
0.16712
0.16745
0.16772
0.16803
0.16817
0.16835
0.65321
0.16872
0.82265
0.16977
0.16985
0.16986
0.16986
0.17027
0.17058
0.17106
0.17165
0.17168
0.17234
0.17236
0.17238
0.17243
0.17329
0.17357
0.17358
0.17365
0.17371
0.17387
0.1742
0.17421
0.17423
0.17473
0.17515
0.17543
0.17546
0.17555
0.17618
0.17624
0.17649
0.17653
0.17654
0.17656
0.17656
0.1767
0.17679
0.17689
0.17729
0.17737
0.17756
0.17789
0.17805
0.17809
0.17833
0.17859
0.17861
0.66711
0.17869
0.17875
0.17886
0.1791
0.17917
0.17962
0.17981
0.18007
0.18015
0.18025
0.18031
0.18032
0.18106
0.18119
0.18123
0.1813
0.1815
0.1815
0.18165
0.1818
0.18189
0.18206
0.18207
0.18249
0.1826
0.18305
0.18318
0.18387
0.18391
0.68505
0.18535
0.18542
0.18543
0.18565
0.18583
0.18622
0.18635
0.18677
0.18704
0.18735
0.18736
0.1874
0.1877
0.18775
0.5179
0.18829
0.18874
0.18895
0.18906
0.18909
0.18909
0.18917
0.18924
0.18985
0.18991
0.19028
0.19034
0.1906
0.19086
0.19096
0.19128
0.19128
0.1913
0.19147
0.19164
0.19167
0.192
0.19204
0.19214
0.19227
0.1926
0.19284
0.19319
0.19328
0.19329
0.19336
0.19355
0.19373
0.19401
0.19424
0.1945
0.19458
0.19463
0.19469
0.1948
0.19481
0.19495
0.19523
0.19524
0.19535
0.19578
0.19595
0.19615
0.19643
0.19652
0.19653
0.19654
0.1967
0.19689
0.19723
0.19749
0.19774
0.19779
0.19781
0.19799
0.19831
0.19847
0.19862
0.19936
0.88084
0.19969
0.19983
0.19986
0.19987
0.20011
0.20016
0.20022
0.20061
0.20084
0.20106
0.20111
0.20125
0.20152
0.20172
0.20194
0.20216
0.20225
0.20271
0.20297
0.20298
0.51193
0.20331
0.20358
0.20361
0.20369
0.20407
0.20421
0.20428
0.39053
0.20454
0.20454
0.20466
0.20469
0.20472
0.20514
0.20521
0.20542
0.20567
0.20581
0.20593
0.2063
0.20639
0.20644
0.20673
0.20676
0.20678
0.2068
0.20709
0.20722
0.20778
0.20792
0.2083
0.20876
0.20916
0.20948
0.20955
0.20969
0.20989
0.21031
0.21076
0.21086
0.21106
0.21143
0.35601
0.21147
0.21201
0.21224
0.21227
0.21229
0.21244
0.21301
0.21304
0.21313
0.21345
0.2136
0.21379
0.21382
0.2141
0.21414
0.21432
0.2146
0.21471
0.21483
0.21518
0.21527
0.21562
0.24817
0.52522
0.21632
0.21648
0.21655
0.21655
0.21656
0.21663
0.21714
0.21719
0.21729
0.21747
0.21758
0.21766
0.2178
0.21782
0.21793
0.21809
0.2183
0.21854
0.21883
0.21884
0.21885
0.21886
0.21914
0.2193
0.21933
0.21939
0.21947
0.21962
0.21975
0.22025
0.22043
0.22046
0.22096
0.22112
0.22112
0.2212
0.22121
0.22126
0.22206
0.22218
0.22222
0.22226
0.22231
0.22254
0.22296
0.22315
0.22321
0.22386
0.22427
0.22446
0.22462
0.22471
0.2251
0.22529
0.22559
0.22575
0.22578
0.15479
0.22658
0.22662
0.2269
0.22724
0.22829
0.22856
0.22878
0.22895
0.22946
0.22954
0.22954
0.22954
0.22982
0.2299
0.23035
0.23072
0.23094
0.23115
0.95108
0.23164
0.02538
0.23184
0.23205
0.23239
0.23246
0.23255
0.23261
0.23261
0.23266
0.23273
0.2328
0.23305
0.2332
0.23326
0.23347
0.23353
0.23392
0.2341
0.23428
0.23448
0.23479
0.23525
0.23549
0.23568
0.23586
0.23593
0.23622
0.2367
0.23714
0.23745
0.23755
0.23769
0.23817
0.23835
0.23855
0.23857
0.23861
0.23875
0.23886
0.23904
0.23907
0.23924
0.23931
0.23969
0.23992
0.24014
0.24015
0.2402
0.24049
0.24089
0.24091
0.241
0.24118
0.2413
0.24196
0.24267
0.24328
0.24339
0.2435
0.2436
0.24388
0.24433
0.24506
0.24509
0.24513
0.24542
0.24543
0.24571
0.2458
0.24597
0.24601
0.24608
0.24619
0.2465
0.2465
0.24653
0.24661
0.24672
0.24689
0.24699
0.24744
0.24747
0.24755
0.24804
0.21578
0.24829
0.24847
0.24847
0.24851
0.24881
0.24909
0.24949
0.24964
0.24977
0.24982
0.24997
0.25004
0.25007
0.25011
0.25032
0.25036
0.25051
0.25067
0.25097
0.25141
0.25165
0.25206
0.25219
0.25245
0.25247
0.25267
0.25287
0.25325
0.25329
0.2535
0.25355
0.25364
0.25365
0.27966
0.25377
0.25429
0.25434
0.25461
0.25475
0.25484
0.25486
0.25533
0.25549
0.2556
0.65768
0.25573
0.25575
0.25598
0.25615
0.25663
0.25663
0.25668
0.25674
0.25696
0.25703
0.25724
0.25758
0.25773
0.25779
0.2584
0.25842
0.25889
0.25914
0.25914
0.25927
0.25966
0.25966
0.26041
0.26044
0.26054
0.26105
0.26109
0.26112
0.26118
0.26119
0.26165
0.26177
0.2621
0.26214
0.26227
0.26228
0.26266
0.26275
0.26288
0.26295
0.26306
0.26315
0.26327
0.26328
0.26399
0.26402
0.26424
0.26425
0.26436
0.26449
0.26454
0.26486
0.81024
0.26514
0.2654
0.26541
0.26544
0.26558
0.2656
0.26575
0.26578
0.26604
0.26626
0.26663
0.267
0.26708
0.26718
0.2678
0.26831
0.26841
0.26875
0.26877
0.26878
0.26879
0.26882
0.26914
0.26927
0.26933
0.27016
0.27016
0.27023
0.27093
0.27133
0.27148
0.27161
0.27162
0.27188
0.272
0.27216
0.27243
0.27256
0.27272
0.2728
0.27308
0.27309
0.2734
0.27377
0.27384
0.27386
0.27399
0.27415
0.2745
0.27459
0.27463
0.27475
0.27484
0.46794
0.27538
0.27547
0.27551
0.2757
0.27607
0.27622
0.27626
0.27642
0.27671
0.2775
0.27756
0.27766
0.27768
0.27778
0.27785
0.15444
0.27845
0.27853
0.27854
0.27856
0.27881
0.2789
0.27893
0.27922
0.33492
0.25367
0.27999
0.2802
0.28054
0.28074
0.28096
0.28167
0.28169
0.28291
0.28292
0.28327
0.28353
0.28357
0.28361
0.28385
0.28449
0.28477
0.28523
0.28531
0.28538
0.28551
0.28606
0.28611
0.28616
0.28629
0.28657
0.2866
0.28664
0.28699
0.61323
0.28736
0.28746
0.28753
0.28768
0.28797
0.52414
0.28878
0.28892
0.28899
0.28929
0.28936
0.29031
0.29065
0.29067
0.29074
0.29091
0.51747
0.29141
0.29181
0.29186
0.29197
0.29198
0.29201
0.29205
0.29289
0.293
0.29338
0.29378
0.29383
0.29455
0.29468
0.29492
0.4144
0.29538
0.29562
0.29593
0.55805
0.15447
0.29615
0.29629
0.53294
0.29702
0.29709
0.29735
0.29771
0.29809
0.29824
0.34087
0.29906
0.29918
0.29967
0.29977
0.2999
0.30017
0.30049
0.30087
0.30112
0.30138
0.30162
0.30177
0.30237
0.30289
0.30385
0.30428
0.3044
0.30448
0.30462
0.30544
0.30567
0.30597
0.30629
0.30642
0.30647
0.3065
0.30709
0.3071
0.30963
0.30963
0.30725
0.30737
0.30799
0.30831
0.30841
0.30848
0.83199
0.30903
0.30905
0.30906
0.30906
0.30941
0.30953
0.30955
0.30713
0.30992
0.31007
0.31046
0.31055
0.31096
0.31115
0.31151
0.31231
0.31249
0.3126
0.31287
0.31288
0.31312
0.31313
0.13732
0.13732
0.31339
0.3137
0.31377
0.31388
0.31397
0.31403
0.31405
0.31497
0.31499
0.31507
0.31511
0.31511
0.31517
0.33723
0.31576
0.31577
0.31595
0.31616
0.31655
0.31671
0.31673
0.3171
0.31726
0.31793
0.31872
0.31877
0.73522
0.31956
0.31958
0.31967
0.31993
0.32
0.32023
0.04907
0.3205
0.32062
0.32075
0.32085
0.32114
0.32116
0.32122
0.32125
0.32138
0.32146
0.32156
0.32159
0.32183
0.32186
0.32191
0.32204
0.32267
0.3232
0.32334
0.32367
0.32411
0.32428
0.63704
0.92693
0.32487
0.32519
0.32547
0.32558
0.32619
0.32631
0.32679
0.32693
0.32743
0.32754
0.32804
0.32817
0.32818
0.32822
0.32832
0.32859
0.32913
0.32915
0.32931
0.32977
0.80685
0.33039
0.33071
0.33082
0.33084
0.33105
0.33134
0.3316
0.33164
0.33177
0.33219
0.33243
0.33319
0.33329
0.33334
0.33349
0.69119
0.33353
0.33383
0.33399
0.33443
0.33445
0.33463
0.33477
0.33487
0.27949
0.33514
0.33526
0.33542
0.33552
0.33565
0.33573
0.33588
0.33593
0.33594
0.3362
0.3363
0.33665
0.33683
0.33718
0.31572
0.33731
0.33744
0.33769
0.3377
0.33771
0.338
0.33828
0.33833
0.3385
0.33852
0.33861
0.33876
0.339
0.3396
0.33967
0.33977
0.3404
0.34042
0.34055
0.34065
0.29876
0.34101
0.34102
0.34102
0.34109
0.34113
0.34116
0.34138
0.34161
0.34177
0.34187
0.3426
0.34263
0.79835
0.34313
0.34314
0.34398
0.344
0.34403
0.34438
0.3447
0.3448
0.34492
0.34495
0.34498
0.34527
0.34553
0.34567
0.34635
0.34638
0.34647
0.34655
0.34659
0.34678
0.34682
0.34684
0.34695
0.3473
0.34743
0.34755
0.34764
0.34768
0.34769
0.34789
0.34804
0.34804
0.34822
0.34867
0.34882
0.34931
0.34951
0.34994
0.35
0.35
0.3502
0.35056
0.3507
0.35114
0.3512
0.35157
0.35233
0.35243
0.3526
0.35291
0.35309
0.35354
0.35456
0.35457
0.35479
0.00203
0.35488
0.35506
0.57699
0.35539
0.3556
0.35561
0.35584
0.35586
0.35596
0.35596
0.21145
0.35633
0.35674
0.35678
0.92672
0.35706
0.35744
0.35778
0.35799
0.35803
0.35841
0.35843
0.35853
0.35863
0.02671
0.68383
0.35946
0.35964
0.35967
0.36003
0.36014
0.36051
0.36052
0.36053
0.36068
0.36099
0.3613
0.36175
0.36178
0.36185
0.3621
0.36224
0.36242
0.36278
0.36334
0.36334
0.36379
0.36381
0.36382
0.36388
0.36394
0.36396
0.36475
0.36484
0.36501
0.36514
0.36514
0.36528
0.36531
0.36557
0.36558
0.36565
0.36567
0.36578
0.36605
0.36614
0.36617
0.36618
0.36633
0.36663
0.36693
0.36693
0.367
0.36701
0.36737
0.36765
0.36775
0.36779
0.69114
0.69114
0.36796
0.36831
0.36871
0.36913
0.36918
0.3693
0.36933
0.36933
0.36936
0.3695
0.36954
0.36957
0.36978
0.36994
0.36998
0.37029
0.37062
0.37103
0.37104
0.37118
0.37156
0.60501
0.37199
0.37253
0.05201
0.37269
0.3727
0.37275
0.37296
0.37335
0.3735
0.37353
0.37369
0.37378
0.37408
0.37433
0.37464
0.37511
0.37551
0.37555
0.37556
0.37558
0.37581
0.42008
0.376
0.37602
0.37606
0.37632
0.37692
0.37716
0.37742
0.37766
0.37785
0.37789
0.37789
0.37798
0.37853
0.37891
0.37915
0.3792
0.37934
0.3796
0.37963
0.3798
0.43728
0.38004
0.38018
0.38085
0.38087
0.38094
0.38146
0.38167
0.3817
0.38177
0.38272
0.38274
0.38283
0.383
0.383
0.38376
0.38381
0.38388
0.38405
0.38411
0.38447
0.38452
0.93043
0.84481
0.38539
0.38576
0.386
0.38631
0.3864
0.38649
0.38665
0.38704
0.38705
0.38913
0.38937
0.38976
0.3898
0.38998
0.39005
0.20434
0.39108
0.39122
0.39143
0.39158
0.39171
0.39174
0.39185
0.39203
0.39211
0.39217
0.39223
0.39227
0.39229
0.3923
0.39259
0.39269
0.39274
0.39283
0.39302
0.3933
0.39333
0.39334
0.39339
0.39458
0.39482
0.39489
0.39505
0.39521
0.39525
0.39555
0.39563
0.3962
0.39666
0.39697
0.39715
0.39761
0.39766
0.39785
0.39788
0.39816
0.39844
0.39855
0.39861
0.39887
0.39901
0.39902
0.39934
0.39972
0.39976
0.39982
0.39991
0.39996
0.40014
0.40024
0.40039
0.40082
0.40095
0.40099
0.40124
0.40138
0.40138
0.4017
0.4017
0.40181
0.40196
0.40257
0.40286
0.40294
0.40308
0.40319
0.40361
0.40362
0.40404
0.40467
0.40477
0.40485
0.40492
0.40553
0.40599
0.40602
0.40685
0.40698
0.40713
0.40716
0.40727
0.40831
0.40861
0.40882
0.4089
0.40907
0.75953
0.40925
0.40939
0.40941
0.40945
0.40971
0.40988
0.41004
0.41013
0.41049
0.41068
0.41074
0.41083
0.41098
0.41135
0.41171
0.4122
0.4122
0.4126
0.41273
0.41296
0.413
0.41304
0.41312
0.41328
0.41377
0.41402
0.41418
0.41425
0.41429
0.29503
0.41452
0.41476
0.41501
0.41551
0.41559
0.41607
0.41622
0.41647
0.41685
0.41696
0.41698
0.4172
0.41766
0.41783
0.41785
0.41826
0.41849
0.41888
0.41922
0.41925
0.37597
0.42054
0.42059
0.42067
0.42067
0.42076
0.42101
0.42126
0.4216
0.4217
0.42175
0.42176
0.42242
0.42254
0.42287
0.42292
0.42327
0.42395
0.42409
0.42422
0.42443
0.42444
0.42471
0.42491
0.42503
0.42504
0.42525
0.42534
0.42537
0.42546
0.42561
0.42575
0.42587
0.42597
0.42619
0.42654
0.42674
0.95978
0.42697
0.427
0.42707
0.42722
0.42756
0.42768
0.42796
0.42807
0.4282
0.4284
0.42903
0.76943
0.4292
0.42936
0.42967
0.43005
0.43015
0.43023
0.4304
0.43082
0.43098
0.43103
0.79825
0.43121
0.43129
0.43146
0.43173
0.43182
0.43189
0.432
0.43236
0.4326
0.43285
0.43311
0.43315
0.43354
0.43355
0.43372
0.43377
0.43411
0.43424
0.43427
0.43438
0.43439
0.43446
0.43531
0.43538
0.4354
0.43556
0.43614
0.43622
0.43651
0.43657
0.43709
0.3799
0.43771
0.43804
0.4383
0.43853
0.43865
0.43873
0.43942
0.43944
0.43952
0.43959
0.43986
0.43999
0.44009
0.44017
0.44074
0.44082
0.44083
0.44092
0.44098
0.44116
0.88263
0.44173
0.4421
0.44233
0.6981
0.44252
0.44272
0.44281
0.44294
0.44302
0.44306
0.44316
0.1213
0.44334
0.44353
0.44371
0.44395
0.44425
0.44445
0.4453
0.44543
0.44564
0.44572
0.44578
0.44601
0.44608
0.44625
0.44638
0.44646
0.44674
0.48712
0.44703
0.44716
0.4475
0.44766
0.44785
0.4481
0.4484
0.44902
0.44943
0.44954
0.44963
0.44973
0.45003
0.45015
0.45031
0.45039
0.45048
0.45078
0.4509
0.45101
0.45139
0.45195
0.45211
0.45232
0.45266
0.45268
0.45271
0.45292
0.45292
0.45327
0.45364
0.45404
0.45407
0.4541
0.45411
0.4544
0.45533
0.45592
0.80331
0.80331
0.45607
0.45637
0.45655
0.45679
0.45693
0.45693
0.45713
0.45714
0.45754
0.45765
0.45784
0.45785
0.45811
0.45817
0.45909
0.45946
0.45978
0.45982
0.46028
0.46055
0.46085
0.46104
0.46107
0.46107
0.46117
0.46126
0.46127
0.46134
0.46161
0.46162
0.46164
0.4618
0.46192
0.46198
0.46218
0.46252
0.46262
0.46275
0.46283
0.13247
0.46306
0.4631
0.46318
0.4632
0.46329
0.46376
0.46408
0.46409
0.4643
0.46484
0.46505
0.46514
0.46518
0.4653
0.46534
0.61605
0.46562
0.46588
0.4661
0.46649
0.46665
0.46668
0.46671
0.4669
0.46711
0.46731
0.46734
0.46738
0.46765
0.4678
0.46782
0.5457
0.27532
0.46798
0.46813
0.4684
0.46868
0.469
0.46909
0.46918
0.50745
0.46943
0.46948
0.46975
0.46987
0.00109
0.47001
0.47078
0.47097
0.47192
0.47249
0.87609
0.97724
0.47331
0.47331
0.47337
0.47376
0.47409
0.47447
0.47486
0.47494
0.47528
0.47554
0.47626
0.47645
0.47657
0.47672
0.47677
0.47704
0.47707
0.47749
0.47777
0.47831
0.47848
0.47884
0.47886
0.47978
0.47983
0.4799
0.47994
0.47997
0.48019
0.48035
0.48058
0.48069
0.48073
0.48113
0.48147
0.48202
0.48203
0.48217
0.48219
0.48253
0.4834
0.48343
0.48346
0.48359
0.48371
0.48375
0.48384
0.48396
0.484
0.48405
0.48411
0.48413
0.48418
0.48426
0.48437
0.4846
0.4846
0.48469
0.48525
0.48529
0.48542
0.4855
0.48567
0.48591
0.48613
0.48656
0.48658
0.48666
0.48682
0.48694
0.81065
0.48741
0.48756
0.48759
0.48763
0.48783
0.48784
0.48789
0.48798
0.48812
0.48814
0.48877
0.48897
0.48915
0.48919
0.48926
0.4894
0.48979
0.48982
0.49008
0.49012
0.49023
0.84079
0.4907
0.49071
0.49073
0.49078
0.87276
0.49089
0.491
0.49125
0.49165
0.49172
0.49182
0.49195
0.49235
0.49252
0.4927
0.49315
0.49389
0.49397
0.49444
0.49449
0.49474
0.49495
0.49497
0.4954
0.49653
0.4973
0.49747
0.49756
0.49803
0.49806
0.49841
0.49842
0.4985
0.49862
0.49873
0.49891
0.49925
0.49985
0.50037
0.50038
0.50071
0.50072
0.50075
0.50107
0.11486
0.50135
0.5017
0.50182
0.50186
0.50193
0.50199
0.50228
0.50236
0.50259
0.50261
0.50261
0.50269
0.50285
0.50354
0.50355
0.5036
0.50361
0.50362
0.50385
0.50394
0.50413
0.5042
0.50426
0.50431
0.50432
0.50459
0.50469
0.50472
0.50481
0.50518
0.50531
0.50601
0.50613
0.50624
0.50641
0.50651
0.5067
0.50671
0.50674
0.50703
0.50726
0.50731
0.46929
0.50792
0.50802
0.50845
0.50865
0.50883
0.50946
0.51031
0.51041
0.51043
0.51082
0.51093
0.51112
0.51125
0.51136
0.51159
0.51182
0.20305
0.51201
0.51211
0.6243
0.51292
0.51337
0.51367
0.51371
0.51373
0.51382
0.51402
0.51423
0.51427
0.51492
0.51511
0.51551
0.51588
0.51588
0.5167
0.517
0.5172
0.51725
0.2913
0.2913
0.51779
0.18812
0.51792
0.51809
0.51905
0.51909
0.51911
0.51923
0.51938
0.51944
0.51949
0.5195
0.51962
0.51968
0.51992
0.52
0.52009
0.52027
0.52033
0.52037
0.52038
0.52075
0.52075
0.52109
0.52121
0.52124
0.52137
0.52138
0.52148
0.52169
0.52178
0.5218
0.5218
0.5219
0.52245
0.52254
0.52298
0.52303
0.52306
0.52306
0.68591
0.52362
0.52362
0.52389
0.52412
0.28872
0.52445
0.52518
0.52521
0.2158
0.52543
0.52551
0.52556
0.52574
0.52574
0.52579
0.52583
0.52597
0.526
0.52603
0.52655
0.52657
0.52675
0.52702
0.52707
0.5272
0.52727
0.52736
0.52742
0.52744
0.5277
0.52793
0.52891
0.52935
0.52961
0.52979
0.52982
0.53029
0.53031
0.53034
0.53042
0.53179
0.53216
0.53251
0.53257
0.53263
0.53266
0.53279
0.53282
0.5329
0.29668
0.53307
0.53316
0.53318
0.53337
0.53351
0.53354
0.53399
0.53416
0.53466
0.53468
0.53471
0.53481
0.53495
0.53513
0.5355
0.53574
0.7043
0.53606
0.53609
0.54818
0.53618
0.53636
0.53638
0.5364
0.53656
0.53664
0.53681
0.53723
0.5375
0.53767
0.53793
0.53818
0.53829
0.53845
0.53877
0.53895
0.53939
0.53942
0.53987
0.53987
0.54026
0.54065
0.54073
0.54104
0.54108
0.5415
0.54244
0.54258
0.54277
0.54287
0.54294
0.54322
0.54325
0.54356
0.54362
0.54373
0.54399
0.54401
0.54442
0.54457
0.54486
0.54551
0.54556
0.54561
0.46789
0.54577
0.54586
0.54639
0.5464
0.54678
0.5468
0.54693
0.54693
0.5472
0.54727
0.5478
0.548
0.53616
0.54838
0.54893
0.54952
0.54952
0.54965
0.54968
0.5499
0.5499
0.55012
0.55032
0.02245
0.55098
0.55111
0.55156
0.55168
0.55168
0.5518
0.55184
0.55192
0.55213
0.55223
0.55237
0.55238
0.55245
0.55248
0.55249
0.55252
0.5526
0.55267
0.55275
0.55277
0.55279
0.55288
0.55289
0.55307
0.55389
0.554
0.55431
0.55482
0.55512
0.55517
0.55519
0.55536
0.55554
0.55555
0.55565
0.76136
0.55609
0.55623
0.55671
0.55701
0.55712
0.55714
0.55716
0.55745
0.55748
0.55787
0.94298
0.29602
0.55862
0.55879
0.55884
0.55889
0.55903
0.55925
0.55968
0.55974
0.55979
0.55981
0.55986
0.55988
0.56045
0.5605
0.56057
0.56099
0.56115
0.56146
0.56151
0.56177
0.56186
0.56193
0.56194
0.5621
0.56225
0.5623
0.56253
0.56256
0.56308
0.56317
0.56333
0.56355
0.5636
0.5639
0.56413
0.5642
0.56424
0.5643
0.5649
0.5656
0.56571
0.56584
0.56624
0.56635
0.56635
0.56715
0.56746
0.56777
0.5678
0.56805
0.56814
0.56855
0.56874
0.56916
0.5692
0.56927
0.56929
0.56952
0.56959
0.56973
0.56974
0.56977
0.57038
0.57059
0.57088
0.57092
0.57109
0.57117
0.57164
0.57185
0.57235
0.57317
0.57335
0.57347
0.57393
0.57395
0.57413
0.57436
0.57484
0.57504
0.57533
0.57534
0.57566
0.57569
0.5758
0.57586
0.57598
0.57601
0.57638
0.8965
0.57711
0.57833
0.57836
0.57846
0.57857
0.57877
0.57953
0.57956
0.57974
0.57975
0.57976
0.57995
0.57996
0.58005
0.58029
0.58044
0.58059
0.5806
0.58101
0.58126
0.58155
0.58217
0.58237
0.58275
0.583
0.5834
0.79618
0.58349
0.58361
0.58365
0.58377
0.5839
0.81317
0.58408
0.58447
0.58489
0.58514
0.58516
0.58562
0.58564
0.58626
0.58701
0.58705
0.5872
0.58731
0.58761
0.58765
0.58773
0.58794
0.5882
0.58845
0.58859
0.58925
0.58929
0.58965
0.58975
0.59005
0.5902
0.59033
0.59046
0.59052
0.59066
0.59078
0.591
0.59108
0.59114
0.59164
0.59168
0.59183
0.59201
0.59203
0.5921
0.59227
0.59244
0.59248
0.59259
0.59271
0.81043
0.59297
0.5931
0.59341
0.59354
0.59377
0.59416
0.59458
0.5946
0.59481
0.59486
0.59489
0.59535
0.59544
0.59572
0.0938
0.59656
0.59705
0.59717
0.59796
0.59846
0.59847
0.59856
0.59873
0.59883
0.59895
0.59918
0.59928
0.59944
0.6005
0.60086
0.60112
0.60148
0.60199
0.60206
0.60219
0.60251
0.60267
0.60277
0.60294
0.60295
0.60298
0.60305
0.60309
0.60343
0.60344
0.60366
0.60368
0.60375
0.60381
0.1238
0.60415
0.60426
0.60446
0.60468
0.60498
0.60499
0.37195
0.60509
0.60523
0.60559
0.6056
0.6056
0.6057
0.60599
0.60616
0.60624
0.60631
0.60648
0.60651
0.60683
0.60731
0.60737
0.6074
0.60746
0.6077
0.60799
0.60799
0.60808
0.60816
0.60832
0.60852
0.60858
0.60869
0.60883
0.60898
0.60902
0.60925
0.60946
0.60955
0.60958
0.60976
0.60998
0.61
0.61031
0.61155
0.61217
0.61237
0.76323
0.61249
0.61251
0.6126
0.61261
0.61269
0.61272
0.61272
0.61293
0.61302
0.61319
0.28701
0.6134
0.61349
0.61425
0.61432
0.61445
0.6145
0.61455
0.61518
0.61521
0.61523
0.61555
0.61567
0.46546
0.46546
0.61606
0.61627
0.61651
0.6166
0.61685
0.61709
0.61711
0.61736
0.61738
0.61751
0.61827
0.61836
0.61851
0.61856
0.61857
0.61858
0.61861
0.61948
0.61957
0.61959
0.62019
0.6204
0.62046
0.62092
0.621
0.62119
0.62129
0.62165
0.62204
0.62212
0.62213
0.62247
0.62252
0.62254
0.62287
0.62297
0.62317
0.62326
0.62334
0.62334
0.6234
0.62352
0.62402
0.62409
0.62412
0.62427
0.86471
0.62431
0.62435
0.62503
0.62507
0.62514
0.62515
0.62533
0.62542
0.62545
0.62564
0.62596
0.62607
0.62614
0.62614
0.62635
0.62643
0.62663
0.62673
0.62702
0.62706
0.62727
0.6273
0.62749
0.62749
0.6275
0.62759
0.62789
0.62853
0.62853
0.62872
0.62891
0.62903
0.62938
0.62941
0.62967
0.62986
0.62996
0.63013
0.63019
0.63028
0.63062
0.63072
0.63077
0.63083
0.63097
0.63125
0.63145
0.63145
0.63151
0.63157
0.63161
0.63177
0.63209
0.63222
0.63239
0.63308
0.63352
0.08345
0.63438
0.63471
0.63518
0.63558
0.63564
0.6359
0.63613
0.63648
0.63652
0.63702
0.32432
0.63717
0.6373
0.63742
0.63748
0.6375
0.63758
0.63777
0.63799
0.638
0.6381
0.63819
0.63841
0.63848
0.63904
0.63938
0.63944
0.63977
0.63996
0.64024
0.64062
0.64081
0.64088
0.64102
0.64107
0.64175
0.64191
0.64224
0.64236
0.64259
0.64288
0.64293
0.64295
0.643
0.64342
0.64376
0.64458
0.64478
0.64481
0.64487
0.64497
0.64518
0.64539
0.64562
0.64603
0.64604
0.64613
0.64637
0.64678
0.64683
0.64688
0.6469
0.6471
0.64732
0.64744
0.64769
0.64772
0.64839
0.64849
0.6485
0.64854
0.64858
0.64898
0.64943
0.64951
0.64988
0.65024
0.89125
0.65062
0.65067
0.65093
0.65115
0.65133
0.65137
0.65142
0.65158
0.65181
0.65196
0.65206
0.65215
0.65226
0.65291
0.16854
0.65326
0.65337
0.65339
0.65376
0.65488
0.65489
0.65508
0.65511
0.65556
0.65624
0.6566
0.65663
0.65665
0.65716
0.65716
0.65738
0.2557
0.65778
0.65781
0.65843
0.1362
0.65867
0.65895
0.65908
0.65911
0.65936
0.65959
0.65986
0.66006
0.66026
0.66038
0.66038
0.6604
0.66041
0.66058
0.66083
0.66166
0.66176
0.66184
0.66186
0.66195
0.66199
0.6622
0.66234
0.66248
0.66289
0.6631
0.66316
0.66328
0.66346
0.66355
0.66358
0.66367
0.66374
0.66389
0.6642
0.66439
0.66441
0.66453
0.66494
0.66521
0.66573
0.66591
0.66598
0.6662
0.66628
0.66631
0.6666
0.17868
0.66722
0.6675
0.66754
0.66764
0.66787
0.6679
0.66793
0.66813
0.66815
0.66818
0.66821
0.66842
0.66846
0.66906
0.66954
0.66962
0.67011
0.67048
0.67075
0.67082
0.67088
0.67115
0.67202
0.67219
0.67223
0.67246
0.6725
0.67256
0.67266
0.67271
0.67302
0.67304
0.67318
0.67342
0.67363
0.6738
0.67389
0.67401
0.6748
0.67513
0.67518
0.67523
0.67534
0.67545
0.67562
0.67596
0.6764
0.67656
0.67732
0.67743
0.67747
0.67749
0.67749
0.67754
0.67778
0.67815
0.67835
0.67862
0.67901
0.67953
0.67962
0.67978
0.67988
0.67997
0.68014
0.68021
0.68027
0.68058
0.68067
0.68144
0.68149
0.68182
0.68184
0.68187
0.68202
0.68274
0.68285
0.68303
0.68325
0.6834
0.68351
0.68369
0.68373
0.35934
0.68391
0.68405
0.9976
0.68424
0.68434
0.68459
0.6846
0.18426
0.68513
0.68514
0.52325
0.68607
0.68646
0.68649
0.68652
0.68684
0.68687
0.68703
0.6871
0.68756
0.68763
0.68792
0.68835
0.68865
0.68904
0.68947
0.68967
0.6898
0.68985
0.68987
0.69011
0.69018
0.69038
0.69049
0.69061
0.69071
0.69098
0.3678
0.3335
0.69123
0.69127
0.6913
0.76701
0.69173
0.69187
0.69194
0.69206
0.69245
0.69299
0.6939
0.694
0.69419
0.69422
0.69432
0.69436
0.695
0.69514
0.69522
0.69525
0.69534
0.69554
0.69556
0.69601
0.69619
0.69659
0.69665
0.69668
0.69678
0.69712
0.69714
0.69742
0.69787
0.44251
0.44251
0.69906
0.69931
0.69932
0.69994
0.70037
0.70043
0.70049
0.70058
0.70069
0.70075
0.82904
0.70148
0.70197
0.70198
0.70215
0.7024
0.7025
0.70275
0.70279
0.70285
0.06495
0.70297
0.70314
0.70323
0.70388
0.7041
0.70423
0.53592
0.70462
0.70486
0.70521
0.70533
0.70544
0.70575
0.70588
0.70618
0.70626
0.70663
0.70692
0.70705
0.70707
0.70732
0.70748
0.70751
0.70767
0.70858
0.70907
0.70923
0.70934
0.70991
0.71
0.71015
0.71033
0.71043
0.71078
0.71142
0.71161
0.71163
0.05192
0.71196
0.71234
0.71238
0.74169
0.71243
0.71259
0.7126
0.71264
0.71268
0.71269
0.0477
0.0477
0.71289
0.71294
0.71295
0.71346
0.71407
0.7143
0.71454
0.71454
0.71476
0.71521
0.71525
0.71546
0.71554
0.71578
0.71579
0.71593
0.71605
0.71618
0.71618
0.71625
0.71671
0.71737
0.71744
0.71746
0.71756
0.71801
0.71813
0.71849
0.71851
0.71852
0.71858
0.71928
0.71936
0.71947
0.71962
0.71969
0.72005
0.72011
0.72053
0.72095
0.72096
0.72103
0.72103
0.7212
0.9821
0.72166
0.72181
0.72186
0.72206
0.72247
0.72259
0.72271
0.72289
0.7231
0.72314
0.72317
0.72322
0.72324
0.7234
0.72344
0.7237
0.72409
0.72424
0.72458
0.72469
0.72471
0.72482
0.72591
0.72602
0.72631
0.72635
0.72641
0.72643
0.72646
0.72666
0.72667
0.72682
0.03343
0.72738
0.72743
0.72749
0.72778
0.72814
0.72845
0.72845
0.72864
0.72876
0.72892
0.72914
0.72978
0.72989
0.72998
0.73009
0.7306
0.73061
0.73082
0.73104
0.73127
0.73157
0.7316
0.73165
0.73173
0.73236
0.73241
0.73253
0.73256
0.73281
0.73294
0.73299
0.73301
0.73307
0.73322
0.73356
0.73364
0.73372
0.73377
0.73442
0.73459
0.73467
0.7351
0.73517
0.31878
0.73553
0.73571
0.73582
0.73586
0.73605
0.73622
0.73623
0.73648
0.73657
0.73679
0.73728
0.73763
0.73777
0.73781
0.73806
0.73816
0.73818
0.73848
0.73852
0.73866
0.73872
0.73878
0.73904
0.73996
0.74057
0.74101
0.74158
0.71241
0.74185
0.74193
0.74217
0.74217
0.7422
0.74224
0.74268
0.74291
0.74291
0.74292
0.74294
0.74304
0.74334
0.74349
0.74352
0.74353
0.74362
0.96236
0.7443
0.74435
0.74466
0.74495
0.74509
0.74515
0.74545
0.74569
0.74844
0.74865
0.74876
0.74878
0.74895
0.7491
0.74915
0.74921
0.74977
0.74995
0.74995
0.75019
0.75044
0.75079
0.75108
0.7512
0.75147
0.75198
0.75221
0.75229
0.75233
0.75252
0.75282
0.75287
0.75362
0.75364
0.75383
0.75409
0.75426
0.75435
0.75464
0.75499
0.75503
0.75529
0.75535
0.75568
0.75572
0.75675
0.75689
0.7574
0.7577
0.75787
0.7587
0.75877
0.75886
0.75913
0.75914
0.75923
0.75929
0.75944
0.75949
0.40917
0.75955
0.75959
0.7599
0.7746
0.76019
0.76028
0.7608
0.76133
0.55605
0.76172
0.76198
0.76261
0.76267
0.6124
0.93271
0.76418
0.76423
0.76425
0.76431
0.76447
0.76465
0.76471
0.76506
0.76565
0.76594
0.7661
0.76623
0.76658
0.76667
0.69136
0.76705
0.7671
0.76747
0.76758
0.7677
0.76797
0.76799
0.76803
0.76832
0.76848
0.7685
0.7685
0.76853
0.76858
0.7686
0.76861
0.76865
0.76877
0.76882
0.76899
0.76918
0.76931
0.76942
0.42917
0.76971
0.76981
0.76985
0.77012
0.77015
0.7702
0.77077
0.77084
0.77091
0.77092
0.77095
0.77124
0.77149
0.7717
0.77221
0.77236
0.77243
0.77281
0.77308
0.77342
0.77351
0.77368
0.7737
0.77423
0.76005
0.77465
0.7747
0.77479
0.77494
0.7751
0.77538
0.77556
0.77578
0.77598
0.77625
0.77628
0.77664
0.77684
0.77685
0.77699
0.77706
0.77726
0.77728
0.77735
0.77776
0.77803
0.77883
0.77883
0.77918
0.77964
0.77964
0.77982
0.78015
0.78026
0.78036
0.95031
0.78103
0.78117
0.78167
0.78171
0.78223
0.78241
0.78247
0.78268
0.78326
0.78329
0.78372
0.78409
0.78438
0.78476
0.78477
0.78516
0.78519
0.78528
0.78565
0.78573
0.78601
0.78628
0.7863
0.78643
0.78644
0.78662
0.78682
0.78683
0.78687
0.78706
0.78785
0.78798
0.78804
0.78876
0.78925
0.78994
0.79018
0.79029
0.79045
0.79055
0.79083
0.79115
0.79119
0.79136
0.79139
0.79186
0.79193
0.79257
0.79272
0.79327
0.79332
0.79386
0.79405
0.79475
0.79523
0.79537
0.79575
0.79589
0.58347
0.7964
0.79666
0.79672
0.79681
0.79698
0.79756
0.79804
0.79807
0.43118
0.34273
0.79842
0.79939
0.79955
0.79968
0.79987
0.79996
0.8001
0.8002
0.80055
0.80081
0.80113
0.80129
0.80161
0.80198
0.80199
0.80203
0.80206
0.80211
0.80227
0.80241
0.80252
0.80271
0.80287
0.80294
0.80325
0.80328
0.45603
0.80335
0.80335
0.8039
0.80422
0.80443
0.80449
0.80486
0.805
0.80507
0.8051
0.80572
0.80605
0.80624
0.80641
0.80658
0.80662
0.80675
0.80682
0.33025
0.80693
0.80704
0.80729
0.80739
0.80753
0.80763
0.80774
0.80789
0.80797
0.80802
0.80846
0.80848
0.8087
0.80874
0.80964
0.80996
0.81006
0.26494
0.81034
0.59281
0.44697
0.81069
0.8107
0.81089
0.81091
0.81115
0.81126
0.81199
0.81253
0.81265
0.81301
0.58401
0.81319
0.81327
0.81328
0.81331
0.81357
0.81364
0.81375
0.81377
0.81381
0.81389
0.8142
0.81421
0.81435
0.81454
0.81464
0.81489
0.81546
0.81551
0.81564
0.81571
0.81578
0.81717
0.81718
0.81727
0.81748
0.81759
0.81788
0.81795
0.81797
0.81798
0.818
0.81809
0.81817
0.81836
0.81858
0.81868
0.81873
0.81921
0.8195
0.81951
0.82004
0.82007
0.82007
0.82023
0.82056
0.82067
0.82091
0.82139
0.82183
0.82214
0.82233
0.16916
0.8232
0.8233
0.82438
0.82448
0.8246
0.82467
0.82473
0.82488
0.82523
0.82542
0.82569
0.82606
0.82617
0.82635
0.82635
0.82666
0.82674
0.8275
0.82794
0.82804
0.82828
0.82869
0.82878
0.82886
0.829
0.7014
0.82906
0.82952
0.82978
0.83001
0.83003
0.83016
0.83022
0.83059
0.83101
0.83106
0.83132
0.83166
0.83187
0.30888
0.83214
0.83225
0.83239
0.83257
0.83259
0.83284
0.83285
0.8333
0.83332
0.83339
0.83343
0.83366
0.83391
0.83393
0.83399
0.83444
0.83457
0.83499
0.835
0.83507
0.83568
0.83654
0.83703
0.83753
0.83756
0.83824
0.83836
0.83858
0.83864
0.83868
0.83872
0.83879
0.83883
0.83889
0.839
0.83945
0.83998
0.84002
0.84006
0.84014
0.84053
0.49055
0.84096
0.84122
0.84126
0.8415
0.84174
0.84177
0.8422
0.84228
0.84287
0.84351
0.84367
0.8441
0.84423
0.84449
0.84471
0.84473
0.38522
0.38522
0.84511
0.84523
0.84545
0.84554
0.84554
0.84565
0.84598
0.84604
0.84643
0.84649
0.84658
0.84662
0.84672
0.84677
0.84679
0.84681
0.84691
0.84692
0.84715
0.84722
0.84731
0.84743
0.84813
0.84827
0.84832
0.84835
0.84851
0.84853
0.84857
0.84873
0.84879
0.84898
0.84923
0.84927
0.84932
0.84933
0.84947
0.84954
0.84958
0.85015
0.85065
0.85088
0.8509
0.85107
0.85117
0.85129
0.85147
0.86643
0.8519
0.85199
0.85204
0.85219
0.85245
0.85262
0.85316
0.85361
0.85368
0.85395
0.8542
0.85455
0.85491
0.85504
0.85531
0.85531
0.85552
0.85571
0.85579
0.856
0.8561
0.85626
0.85644
0.8568
0.85773
0.85809
0.85813
0.85842
0.85883
0.85884
0.85928
0.85943
0.85975
0.8599
0.85992
0.8601
0.8606
0.86061
0.86091
0.86157
0.86201
0.86252
0.86282
0.86294
0.86295
0.86295
0.86298
0.86358
0.86363
0.86363
0.86365
0.86383
0.86383
0.86385
0.86447
0.51213
0.86486
0.86527
0.86549
0.86572
0.86602
0.86603
0.86615
0.85179
0.86647
0.8665
0.86673
0.86673
0.86697
0.86738
0.86755
0.86786
0.86792
0.86806
0.86854
0.86886
0.86918
0.86923
0.86924
0.86937
0.86955
0.86977
0.86994
0.87024
0.8705
0.87061
0.87075
0.87103
0.8711
0.87115
0.87137
0.87151
0.87213
0.87222
0.87252
0.8726
0.4908
0.87284
0.87326
0.87332
0.87334
0.87345
0.87346
0.10292
0.87381
0.87389
0.87392
0.87393
0.01464
0.01464
0.8744
0.87463
0.87479
0.87534
0.87559
0.87571
0.87583
0.87605
0.92104
0.87657
0.87682
0.87702
0.87703
0.87719
0.87751
0.87779
0.87797
0.87798
0.87814
0.87843
0.87861
0.87862
0.87894
0.87908
0.8795
0.87952
0.87977
0.87998
0.88008
0.88025
0.88075
0.19946
0.88107
0.88134
0.88147
0.88194
0.88221
0.44172
0.8827
0.88299
0.88304
0.88318
0.88329
0.88349
0.88387
0.88389
0.88442
0.88463
0.88473
0.88484
0.88509
0.88529
0.88557
0.88576
0.88632
0.88647
0.88649
0.88664
0.88665
0.88668
0.88704
0.88726
0.8873
0.88737
0.88763
0.88786
0.88815
0.88829
0.88855
0.88862
0.88874
0.88884
0.88907
0.88927
0.89032
0.89034
0.89073
0.89073
0.89074
0.89093
0.89117
0.89122
0.65058
0.89128
0.8918
0.89184
0.89191
0.89207
0.89234
0.89293
0.89298
0.89323
0.89342
0.89411
0.89418
0.89459
0.89466
0.89515
0.89528
0.89558
0.89582
0.89605
0.89611
0.89612
0.89629
0.35524
0.89702
0.89752
0.89765
0.89777
0.89782
0.8979
0.89844
0.89872
0.89883
0.89917
0.89968
0.89985
0.89994
0.89995
0.90064
0.90081
0.90102
0.90175
0.90184
0.9019
0.90197
0.90212
0.90232
0.90316
0.90319
0.90334
0.90342
0.90349
0.90352
0.02709
0.90357
0.90383
0.90403
0.90406
0.90408
0.90476
0.90507
0.90508
0.90514
0.90549
0.90553
0.90571
0.90573
0.90582
0.90587
0.90591
0.90644
0.90647
0.90678
0.9068
0.90682
0.90707
0.90715
0.90748
0.90764
0.90775
0.90779
0.90791
0.90798
0.90802
0.90833
0.90902
0.90931
0.90944
0.90948
0.90965
0.91002
0.9104
0.91047
0.91063
0.91084
0.911
0.91118
0.91119
0.91154
0.91174
0.91208
0.91224
0.91226
0.91248
0.91262
0.91263
0.91303
0.91335
0.91349
0.91351
0.91377
0.97732
0.91396
0.91404
0.91427
0.91447
0.91459
0.91472
0.91493
0.9155
0.91601
0.91612
0.91624
0.91628
0.91644
0.91672
0.91711
0.91722
0.91731
0.91769
0.91769
0.9178
0.91783
0.91793
0.91845
0.91849
0.91911
0.91918
0.91924
0.91941
0.9195
0.91955
0.92015
0.92028
0.92037
0.92062
0.92093
0.47297
0.47297
0.9215
0.92164
0.92177
0.9221
0.92239
0.92241
0.92293
0.92302
0.92305
0.9231
0.92316
0.92361
0.92364
0.92366
0.92434
0.92454
0.92475
0.92478
0.92531
0.92567
0.92571
0.92588
0.92617
0.92623
0.92626
0.92628
0.92633
0.92651
0.92652
0.01066
0.32455
0.92698
0.92719
0.92725
0.92747
0.92807
0.92808
0.92811
0.92814
0.9282
0.92824
0.92843
0.92854
0.92859
0.92889
0.92904
0.92929
0.92969
0.9299
0.93003
0.93032
0.93035
0.96381
0.38468
0.93048
0.93074
0.93105
0.47302
0.93141
0.93176
0.93191
0.93199
0.93237
0.7639
0.93288
0.93375
0.93387
0.93392
0.93399
0.93407
0.93422
0.93422
0.93456
0.93457
0.93459
0.93471
0.93478
0.93484
0.93493
0.93498
0.93503
0.9355
0.93555
0.93621
0.93661
0.9367
0.93676
0.93743
0.93751
0.93774
0.93796
0.93823
0.93853
0.93866
0.93873
0.93908
0.9397
0.93972
0.93982
0.06845
0.94092
0.94099
0.94122
0.94163
0.94166
0.94229
0.9423
0.55799
0.94308
0.94329
0.94346
0.94433
0.94494
0.94495
0.94497
0.94503
0.94547
0.94588
0.94606
0.94628
0.94642
0.94657
0.94729
0.94746
0.94752
0.94777
0.9478
0.94799
0.94844
0.94846
0.94854
0.94865
0.94895
0.94934
0.78085
0.95058
0.95071
0.95078
0.95078
0.95079
0.95103
0.23118
0.95149
0.95168
0.95191
0.95234
0.95257
0.9526
0.95276
0.95279
0.9533
0.95335
0.95359
0.95361
0.95368
0.95374
0.95416
0.95422
0.9544
0.95505
0.95535
0.95536
0.95544
0.95556
0.9556
0.95565
0.95614
0.95614
0.95616
0.95623
0.95655
0.95659
0.95668
0.95699
0.95738
0.95778
0.95778
0.95808
0.95822
0.95835
0.95869
0.95887
0.95924
0.95928
0.95968
0.42696
0.95993
0.9601
0.96012
0.96031
0.96068
0.96076
0.96094
0.96096
0.96097
0.96104
0.96137
0.96152
0.96165
0.96174
0.96177
0.96181
0.96221
0.74376
0.96257
0.96298
0.96329
0.96336
0.96342
0.96342
0.96358
0.96369
0.96371
0.96371
0.96377
0.93036
0.96442
0.96446
0.96466
0.9647
0.96481
0.96481
0.96491
0.96513
0.96549
0.9655
0.96554
0.96583
0.9659
0.9659
0.96591
0.96624
0.96657
0.9666
0.96755
0.96789
0.96821
0.96831
0.96838
0.96847
0.9685
0.96859
0.96917
0.96928
0.96945
0.97007
0.9701
0.9703
0.97032
0.97067
0.97068
0.97081
0.97105
0.97106
0.97111
0.97125
0.97178
0.97226
0.97263
0.97283
0.97283
0.97287
0.97332
0.97354
0.97366
0.9744
0.97441
0.9748
0.97494
0.97497
0.97499
0.9756
0.97578
0.97589
0.97599
0.97611
0.9764
0.97654
0.97674
0.97699
0.97722
0.93133
0.91378
0.97756
0.97766
0.97772
0.97775
0.97813
0.97814
0.97884
0.97901
0.97911
0.97919
0.97935
0.97937
0.97959
0.97991
0.98017
0.98029
0.98111
0.98165
0.98187
0.98191
0.98206
0.72148
0.98241
0.98295
0.98316
0.98333
0.98351
0.98374
0.98376
0.98425
0.98438
0.98562
0.98591
0.98618
0.98655
0.98673
0.98677
0.98717
0.98788
0.98795
0.98803
0.9885
0.98864
0.989
0.98909
0.98918
0.98923
0.99009
0.99066
0.99068
0.99077
0.99093
0.99133
0.99144
0.99157
0.99159
0.99177
0.99186
0.15762
0.00851
0.99245
0.99245
0.9926
0.99267
0.99333
0.99334
0.99341
0.99349
0.99366
0.99415
0.99438
0.99451
0.99459
0.99503
0.99564
0.99659
0.68407
0.99799
0.99828
0.99828
0.99829
0.9983
0.99847
0.99859
0.9994
0.99943
0.99961
0.99992
0.99993
