0.00032
0.00041
0.00043
0.00052
0.00069
0.00072
0.00078
0.70458
0.70458
0.00099
0.00102
0.00135
0.00143
0.00147
0.00155
0.00158
0.00161
0.00181
0.00206
0.00211
0.00217
0.46074
0.00242
0.00253
0.00255
0.00272
0.00282
0.00293
0.00299
0.00349
0.00362
0.00362
0.24644
0.00409
0.00419
0.00421
0.00431
0.00441
0.00442
0.00444
0.0048
0.00497
0.00501
0.00502
0.0051
0.00513
0.0053
0.0053
0.00576
0.00604
0.00614
0.00625
0.00641
0.34128
0.00668
0.00679
0.007
0.00706
0.0071
0.00726
0.00755
0.00779
0.00783
0.00795
0.00814
0.0083
0.00831
0.00846
0.00851
0.00865
0.00866
0.00883
0.0091
0.00924
0.00932
0.00946
0.00959
0.00959
0.00962
0.00966
0.00969
0.00976
0.00999
0.01013
0.01025
0.01026
0.01027
0.27096
0.01033
0.01038
0.01043
0.01051
0.01059
0.01077
0.0108
0.01098
0.01103
0.01107
0.01125
0.01126
0.01159
0.01162
0.01176
0.012
0.01208
0.01211
0.01218
0.0125
0.01252
0.01273
0.01283
0.01284
0.01291
0.01291
0.0132
0.01321
0.01323
0.45343
0.01331
0.01342
0.01355
0.01366
0.01392
0.01395
0.01415
0.69081
0.01432
0.01438
0.01462
0.01475
0.01494
0.01509
0.01513
0.01514
0.01518
0.01526
0.01542
0.01549
0.01562
0.01579
0.01602
0.01603
0.01605
0.01656
0.60224
0.01664
0.01667
0.01682
0.01683
0.01687
0.01689
0.01695
0.017
0.85001
0.01718
0.0173
0.01732
0.01735
0.01743
0.0177
0.01781
0.01782
0.01789
0.01812
0.32282
0.01853
0.01878
0.01881
0.01887
0.01893
0.019
0.01911
0.0192
0.96399
0.0193
0.01974
0.01976
0.0198
0.01987
0.01989
0.02005
0.02009
0.02012
0.02013
0.02013
0.02018
0.02023
0.02023
0.02023
0.02024
0.92301
0.02034
0.02035
0.02045
0.02056
0.02058
0.0207
0.02073
0.02079
0.02091
0.02103
0.0211
0.02111
0.02115
0.02121
0.02127
0.02166
0.88041
0.02179
0.02193
0.02218
0.02219
0.02253
0.02255
0.02271
0.02279
0.02291
0.02297
0.02298
0.02323
0.02339
0.02341
0.02379
0.02395
0.02397
0.02407
0.02426
0.02434
0.02435
0.02454
0.02457
0.02464
0.02477
0.02482
0.02487
0.02534
0.02536
0.02539
0.02544
0.02553
0.02573
0.02583
0.02584
0.02591
0.02663
0.02669
0.02675
0.03861
0.02683
0.02701
0.02708
0.02712
0.02717
0.02718
0.0272
0.02723
0.02723
0.02743
0.02754
0.02765
0.14375
0.02777
0.02783
0.02783
0.02788
0.02792
0.02794
0.02825
0.02834
0.02839
0.02845
0.02848
0.02862
0.02873
0.02883
0.02884
0.02896
0.02907
0.02907
0.02908
0.02909
0.02925
0.02927
0.02957
0.02958
0.02961
0.02963
0.02963
0.02965
0.0299
0.03022
0.03039
0.03052
0.03058
0.03067
0.031
0.03113
0.03129
0.03129
0.03161
0.03191
0.03209
0.03212
0.0323
0.03231
0.03232
0.03237
0.03238
0.03251
0.03255
0.03263
0.0327
0.03271
0.03281
0.0329
0.03295
0.03296
0.03299
0.03306
0.03308
0.03331
0.03336
0.28251
0.28251
0.54498
0.03365
0.03383
0.03385
0.03388
0.0339
0.03394
0.03399
0.03403
0.03403
0.03404
0.03413
0.03419
0.03443
0.03448
0.03459
0.03463
0.03468
0.03492
0.03498
0.03499
0.03509
0.03515
0.03519
0.03522
0.03529
0.03532
0.0356
0.03571
0.03578
0.03585
0.27837
0.0359
0.9134
0.03615
0.03622
0.03623
0.03628
0.0363
0.70967
0.03638
0.03639
0.03655
0.03659
0.03679
0.03684
0.03686
0.03688
0.03719
0.03741
0.03745
0.03756
0.76949
0.03774
0.5918
0.03782
0.03789
0.03808
0.03856
0.02682
0.0387
0.03871
0.03878
0.0391
0.03924
0.03988
0.03998
0.04001
0.04001
0.04018
0.04019
0.04026
0.13943
0.13943
0.04062
0.04072
0.04092
0.04105
0.04107
0.04107
0.04111
0.04113
0.04123
0.04126
0.04154
0.04159
0.04175
0.04177
0.04191
0.04201
0.04202
0.04232
0.04238
0.04242
0.0425
0.04269
0.04277
0.04279
0.04287
0.04305
0.04306
0.04319
0.04339
0.04346
0.70687
0.81889
0.04382
0.04384
0.04385
0.04398
0.04424
0.04425
0.04432
0.04436
0.40908
0.04493
0.04497
0.04497
0.0451
0.0451
0.04521
0.04525
0.99171
0.04542
0.04548
0.04561
0.0458
0.04589
0.0459
0.04598
0.04608
0.04629
0.04631
0.04632
0.04643
0.0468
0.04685
0.04686
0.0469
0.04697
0.04701
0.04731
0.04733
0.04734
0.04779
0.04794
0.04801
0.04813
0.04814
0.04814
0.0482
0.04823
0.21654
0.04853
0.04865
0.04866
0.04869
0.0487
0.04874
0.04877
0.04883
0.04909
0.0493
0.04934
0.04953
0.04967
0.04985
0.04993
0.04996
0.05014
0.05018
0.05036
0.05037
0.05061
0.05065
0.05081
0.05081
0.05083
0.05087
0.05103
0.05108
0.05118
0.05145
0.05146
0.05177
0.05194
0.052
0.05201
0.05233
0.05255
0.05255
0.05257
0.05259
0.05267
0.05304
0.05322
0.05339
0.05355
0.05363
0.05379
0.05396
0.05399
0.05406
0.05415
0.05415
0.05417
0.0542
0.05427
0.05433
0.05453
0.0546
0.05461
0.05461
0.40617
0.05479
0.40562
0.05499
0.05502
0.0551
0.05511
0.05567
0.05569
0.05586
0.05636
0.05648
0.05669
0.05693
0.05693
0.05715
0.05743
0.05748
0.05751
0.05751
0.05766
0.05769
0.05775
0.05778
0.05784
0.65401
0.05806
0.89499
0.05816
0.91757
0.05826
0.05827
0.05838
0.05843
0.05855
0.05866
0.05885
0.05887
0.05889
0.01852
0.05907
0.05915
0.05916
0.05924
0.05933
0.05939
0.05942
0.05949
0.05953
0.0597
0.05979
0.0598
0.75017
0.06007
0.06011
0.40322
0.06044
0.06046
0.06046
0.06047
0.06057
0.06058
0.06059
0.06073
0.06088
0.06095
0.061
0.06106
0.06109
0.06119
0.0612
0.06124
0.06125
0.06126
0.06153
0.06158
0.06172
0.06175
0.06179
0.92
0.06197
0.06197
0.06199
0.06202
0.06206
0.0622
0.06221
0.06221
0.06226
0.0627
0.06271
0.06283
0.06294
0.06298
0.06299
0.06304
0.06305
0.06322
0.06334
0.0634
0.06353
0.06361
0.06363
0.06364
0.06375
0.06411
0.06418
0.06439
0.06453
0.06462
0.06468
0.06475
0.06475
0.23784
0.06544
0.06569
0.06577
0.06577
0.06592
0.06596
0.06604
0.06606
0.06613
0.06614
0.06614
0.06615
0.06617
0.06617
0.06634
0.06665
0.06669
0.06672
0.0668
0.06688
0.06704
0.06711
0.06715
0.06725
0.06745
0.06752
0.06755
0.06756
0.06762
0.06762
0.06773
0.06801
0.06822
0.06832
0.06852
0.06865
0.06865
0.06874
0.06885
0.06886
0.06901
0.06902
0.06909
0.06911
0.06915
0.06937
0.06945
0.06946
0.06954
0.06963
0.06969
0.06976
0.0702
0.07038
0.07042
0.07105
0.07111
0.07148
0.21084
0.07178
0.07181
0.07193
0.072
0.07213
0.07232
0.07235
0.07241
0.07266
0.07281
0.07293
0.07314
0.07318
0.0732
0.07323
0.07373
0.07384
0.07387
0.07391
0.07419
0.07423
0.07425
0.07445
0.07446
0.07452
0.07467
0.07471
0.07498
0.07499
0.07513
0.07594
0.07597
0.07614
0.07625
0.07692
0.07715
0.07723
0.07726
0.07734
0.07735
0.0774
0.07745
0.07779
0.07799
0.07812
0.07815
0.07824
0.07832
0.23513
0.45462
0.07856
0.07877
0.079
0.53016
0.07952
0.07959
0.0796
0.07976
0.07987
0.07991
0.07998
0.08001
0.08002
0.08016
0.08018
0.08043
0.08044
0.08045
0.0805
0.08061
0.08092
0.08095
0.08104
0.08112
0.08114
0.08128
0.08129
0.08135
0.08145
0.08146
0.08153
0.08155
0.08165
0.08178
0.08192
0.08223
0.08227
0.08228
0.0823
0.33041
0.08254
0.08256
0.08256
0.98189
0.08272
0.08285
0.08287
0.08307
0.08315
0.08317
0.0833
0.08332
0.08345
0.19353
0.08365
0.08372
0.08389
0.92492
0.08406
0.0842
0.08433
0.08454
0.08471
0.08479
0.08488
0.0849
0.08492
0.08493
0.08498
0.08502
0.08528
0.08532
0.08536
0.08549
0.08563
0.08579
0.08591
0.11183
0.08607
0.08643
0.0865
0.08652
0.08656
0.08657
0.08671
0.08712
0.08726
0.08729
0.08732
0.08734
0.08742
0.08759
0.08782
0.08786
0.08801
0.08826
0.08838
0.08838
0.08868
0.68267
0.08889
0.08892
0.08897
0.08916
0.08923
0.08942
0.0895
0.0895
0.08951
0.08967
0.08984
0.08987
0.08988
0.08998
0.56601
0.09018
0.09022
0.09034
0.0905
0.09054
0.0907
0.09073
0.09074
0.09077
0.09081
0.09085
0.21274
0.09102
0.09102
0.09104
0.09108
0.09112
0.09116
0.09135
0.09156
0.09169
0.09182
0.09205
0.09213
0.09229
0.0923
0.09252
0.93329
0.09263
0.09264
0.09275
0.09286
0.09289
0.093
0.09306
0.09329
0.09332
0.09337
0.0934
0.09345
0.09362
0.09418
0.0943
0.09434
0.09441
0.09447
0.09454
0.09456
0.09472
0.09497
0.09502
0.0951
0.09515
0.09517
0.09535
0.09542
0.09559
0.09575
0.09576
0.09591
0.09617
0.09626
0.09633
0.09653
0.09674
0.09685
0.09689
0.09692
0.09719
0.09719
0.0973
0.71219
0.71219
0.09753
0.09755
0.09779
0.09784
0.93
0.93
0.09823
0.09832
0.09839
0.09858
0.0988
0.09887
0.09912
0.09941
0.09946
0.09972
0.10019
0.10037
0.10038
0.1004
0.10052
0.9117
0.10104
0.10108
0.10116
0.10125
0.10127
0.10163
0.10163
0.10171
0.10215
0.10216
0.10223
0.89707
0.10274
0.10286
0.10287
0.10307
0.10323
0.10329
0.10342
0.10357
0.10381
0.10392
0.10405
0.10408
0.10408
0.10409
0.10436
0.10441
0.57875
0.10469
0.10479
0.10507
0.1051
0.10514
0.10518
0.10518
0.10522
0.10527
0.10538
0.1055
0.10551
0.10562
0.10562
0.10566
0.10585
0.10598
0.10603
0.10619
0.10626
0.10632
0.10635
0.10636
0.10648
0.10665
0.10669
0.10694
0.10708
0.10713
0.10714
0.10735
0.10753
0.10754
0.10759
0.10765
0.10774
0.10776
0.10781
0.10781
0.10786
0.10788
0.10792
0.10792
0.10793
0.10823
0.10826
0.10832
0.10841
0.10841
0.10842
0.10859
0.10874
0.10889
0.10889
0.10889
0.10894
0.10896
0.10901
0.10922
0.10923
0.10927
0.10929
0.10934
0.10948
0.1098
0.10988
0.10993
0.10999
0.11014
0.11024
0.11039
0.11042
0.11055
0.11057
0.11066
0.11072
0.11079
0.1108
0.11084
0.11121
0.20171
0.11145
0.11159
0.11159
0.11162
0.11163
0.11168
0.11177
0.08596
0.11201
0.11205
0.51998
0.11241
0.11262
0.11265
0.11271
0.11276
0.11277
0.11278
0.11279
0.11295
0.11302
0.11323
0.11328
0.11335
0.11371
0.11374
0.11375
0.5692
0.114
0.11418
0.11421
0.11428
0.11439
0.11449
0.11454
0.11469
0.1149
0.11502
0.11537
0.11551
0.11557
0.11559
0.26615
0.1159
0.11601
0.11609
0.11617
0.11641
0.11648
0.11654
0.11662
0.11663
0.11678
0.11679
0.11684
0.11692
0.11692
0.11714
0.11745
0.1178
0.11795
0.11815
0.11843
0.11845
0.1185
0.11851
0.11858
0.11866
0.11887
0.11888
0.11917
0.11918
0.11936
0.11948
0.11958
0.11987
0.12003
0.12029
0.12051
0.121
0.12109
0.12116
0.12117
0.12119
0.12143
0.12171
0.12186
0.18851
0.12197
0.12199
0.12202
0.12204
0.12204
0.12205
0.12209
0.12213
0.12226
0.12235
0.12236
0.1224
0.89949
0.12254
0.12257
0.12261
0.12277
0.12308
0.12312
0.12351
0.12351
0.12356
0.12368
0.12391
0.12407
0.12419
0.12421
0.12436
0.12452
0.1246
0.12462
0.12477
0.12478
0.12488
0.125
0.125
0.12507
0.1252
0.12534
0.12535
0.12539
0.12544
0.12574
0.12603
0.12615
0.1262
0.12626
0.12633
0.12639
0.12641
0.12658
0.1266
0.12663
0.12669
0.12694
0.12699
0.12716
0.12721
0.12727
0.12731
0.12734
0.12739
0.1274
0.12775
0.12795
0.1283
0.1283
0.12841
0.1287
0.12872
0.12886
0.12894
0.12907
0.12945
0.1295
0.12955
0.12961
0.12972
0.12999
0.1303
0.13037
0.13044
0.13067
0.13091
0.1313
0.13174
0.13193
0.13217
0.13217
0.13225
0.13229
0.13237
0.13239
0.13239
0.13241
0.1325
0.13251
0.13265
0.13271
0.13274
0.13278
0.13289
0.13313
0.13315
0.13322
0.1334
0.13345
0.13348
0.1335
0.13357
0.13363
0.13389
0.13393
0.13405
0.13409
0.13415
0.78873
0.78873
0.13429
0.13434
0.13449
0.13465
0.1347
0.13481
0.13488
0.13488
0.1349
0.80555
0.13496
0.13518
0.13542
0.13545
0.13555
0.13558
0.13593
0.13611
0.13637
0.13649
0.1367
0.13678
0.13691
0.13723
0.13732
0.13742
0.13753
0.13759
0.1376
0.13768
0.13775
0.13794
0.13799
0.13803
0.13807
0.13814
0.13818
0.13819
0.13822
0.75882
0.13845
0.13872
0.1388
0.13897
0.13914
0.13937
0.1394
0.04047
0.13946
0.13948
0.13959
0.13963
0.13972
0.13978
0.13978
0.13982
0.13995
0.13996
0.14008
0.14021
0.14026
0.14039
0.14041
0.14045
0.14089
0.14091
0.14099
0.14114
0.14151
0.14177
0.14185
0.14196
0.14198
0.1421
0.14213
0.1422
0.1423
0.14238
0.14241
0.14246
0.14249
0.14277
0.14281
0.14287
0.14302
0.14305
0.14311
0.14325
0.14331
0.14335
0.14359
0.14362
0.14368
0.02775
0.14388
0.14398
0.14404
0.14405
0.14428
0.14428
0.14431
0.14432
0.14433
0.14438
0.14439
0.14466
0.14474
0.1448
0.14495
0.14498
0.14504
0.14517
0.14529
0.14546
0.14562
0.1458
0.14603
0.14606
0.14619
0.14625
0.14628
0.14636
0.14639
0.1467
0.14693
0.61397
0.14702
0.14712
0.14732
0.14734
0.1474
0.14742
0.14754
0.14767
0.14771
0.14798
0.14836
0.14843
0.14846
0.1487
0.14871
0.14872
0.14878
0.14892
0.14912
0.14916
0.14917
0.14927
0.14933
0.14944
0.14964
0.14969
0.15027
0.15029
0.15051
0.15059
0.151
0.15127
0.15131
0.15142
0.15153
0.15166
0.15172
0.15198
0.15239
0.15248
0.1525
0.15255
0.15292
0.15297
0.15302
0.15305
0.15325
0.15328
0.15336
0.15344
0.15345
0.15372
0.15377
0.1538
0.15392
0.15405
0.15411
0.15417
0.15418
0.15419
0.1542
0.44847
0.15452
0.15453
0.15458
0.15461
0.15475
0.7751
0.15487
0.15488
0.15489
0.1549
0.27849
0.55188
0.55188
0.15516
0.1555
0.15556
0.79107
0.1557
0.15573
0.15575
0.15575
0.15575
0.15583
0.15585
0.15605
0.15617
0.15619
0.15622
0.15624
0.15624
0.15632
0.15637
0.15643
0.15654
0.15661
0.15663
0.15668
0.20284
0.15685
0.15686
0.15711
0.15723
0.15731
0.15745
0.15756
0.15767
0.15771
0.15774
0.15775
0.15788
0.15832
0.15837
0.15859
0.15866
0.15873
0.15874
0.15898
0.15899
0.15901
0.15904
0.15912
0.15947
0.15948
0.06041
0.15977
0.15992
0.15999
0.16005
0.16022
0.16059
0.16065
0.1608
0.16093
0.16108
0.16151
0.16157
0.16163
0.16171
0.16177
0.16208
0.16227
0.16251
0.16271
0.16275
0.16292
0.16293
0.16303
0.16314
0.16334
0.16351
0.16357
0.16357
0.16384
0.16392
0.16394
0.16413
0.16417
0.16418
0.16421
0.16472
0.16473
0.16493
0.2298
0.5125
0.16513
0.16513
0.16527
0.16556
0.16569
0.16585
0.16591
0.16604
0.16604
0.1661
0.16616
0.16658
0.16674
0.16675
0.16686
0.16712
0.16713
0.16726
0.16792
0.16796
0.1683
0.1683
0.16838
0.16839
0.16857
0.16862
0.16863
0.16869
0.1687
0.16881
0.16885
0.16896
0.16918
0.16923
0.16927
0.16931
0.16931
0.16943
0.16956
0.16974
0.16976
0.16981
0.16998
0.28554
0.17028
0.17036
0.17037
0.17039
0.17043
0.17061
0.17061
0.17825
0.17825
0.17081
0.17094
0.17096
0.17097
0.17119
0.17122
0.17126
0.17127
0.17134
0.17137
0.17153
0.17154
0.17163
0.1717
0.17179
0.17185
0.17217
0.17233
0.17245
0.17248
0.17258
0.17264
0.17265
0.17268
0.17269
0.1729
0.17291
0.17302
0.17355
0.17366
0.17368
0.17388
0.17392
0.17404
0.17406
0.17408
0.17413
0.98116
0.17443
0.17443
0.17445
0.17448
0.17452
0.17455
0.17469
0.17474
0.1748
0.17488
0.17507
0.17524
0.17531
0.17546
0.17546
0.1756
0.1757
0.1758
0.17588
0.17594
0.17594
0.17614
0.17615
0.17643
0.17644
0.17647
0.17648
0.17674
0.17683
0.17688
0.17695
0.17703
0.17733
0.17741
0.17747
0.17764
0.17777
0.17786
0.17795
0.17817
0.17817
0.17819
0.17074
0.17828
0.17849
0.17849
0.17866
0.17891
0.17901
0.17936
0.17963
0.17966
0.17983
0.17989
0.17998
0.18
0.18003
0.18004
0.1801
0.18012
0.18018
0.18024
0.18032
0.18042
0.1806
0.1807
0.1808
0.18095
0.18111
0.3209
0.3209
0.18122
0.18133
0.18143
0.18158
0.18162
0.18167
0.18172
0.18179
0.18202
0.18228
0.18233
0.72169
0.18274
0.45332
0.18288
0.18294
0.18294
0.18314
0.1833
0.18345
0.18348
0.18348
0.18357
0.1843
0.18469
0.1847
0.18476
0.18503
0.18505
0.18512
0.18529
0.18557
0.18562
0.97375
0.1857
0.18577
0.32396
0.18602
0.18603
0.18617
0.18625
0.18655
0.18656
0.1866
0.18666
0.18692
0.18692
0.18696
0.18698
0.18707
0.18719
0.1872
0.18721
0.18735
0.18746
0.64111
0.1875
0.18755
0.62993
0.18766
0.18771
0.18775
0.18778
0.18786
0.18788
0.18791
0.18794
0.18795
0.18799
0.188
0.18826
0.18827
0.1883
0.18842
0.18846
0.18846
0.12189
0.12189
0.18862
0.18863
0.18871
0.18883
0.1889
0.18912
0.18926
0.18931
0.18945
0.18945
0.18957
0.18966
0.18969
0.18973
0.19009
0.19021
0.19043
0.8203
0.19064
0.19064
0.19071
0.19074
0.19084
0.19098
0.19109
0.19115
0.19117
0.19121
0.19127
0.19129
0.19131
0.19135
0.19159
0.19163
0.19165
0.19167
0.19185
0.19187
0.19203
0.19203
0.19212
0.19214
0.19216
0.19218
0.19271
0.19275
0.19279
0.19295
0.19318
0.19322
0.19329
0.19342
0.08358
0.19374
0.19386
0.19389
0.19394
0.19402
0.19409
0.19441
0.19445
0.19451
0.19465
0.19466
0.19466
0.19476
0.19494
0.19499
0.19507
0.1951
0.19524
0.19531
0.19533
0.19539
0.19549
0.19554
0.19564
0.19581
0.19583
0.19596
0.19602
0.19617
0.1962
0.19622
0.19632
0.19638
0.19643
0.19661
0.19667
0.19677
0.19684
0.19688
0.1969
0.19699
0.19712
0.1973
0.48913
0.19743
0.19745
0.19761
0.1977
0.19778
0.19793
0.19794
0.19806
0.19822
0.19825
0.19833
0.19842
0.19846
0.19849
0.19903
0.19905
0.19914
0.19923
0.19929
0.1994
0.19946
0.19962
0.19962
0.19964
0.19967
0.19986
0.19987
0.20007
0.20009
0.20018
0.20028
0.20051
0.20067
0.20079
0.20081
0.20083
0.20086
0.20094
0.20099
0.20101
0.20108
0.20111
0.20132
0.20136
0.20141
0.20145
0.20151
0.20152
0.20159
0.20168
0.11139
0.20192
0.20207
0.20216
0.20222
0.20226
0.20234
0.20245
0.20246
0.2026
0.29109
0.29109
0.20283
0.15681
0.20315
0.82255
0.98915
0.20401
0.96105
0.20425
0.20457
0.78575
0.20461
0.20479
0.20481
0.20519
0.20521
0.20525
0.20528
0.20532
0.20536
0.20538
0.20539
0.20543
0.20555
0.50555
0.50555
0.20595
0.20613
0.2066
0.20668
0.20691
0.207
0.20702
0.20705
0.20706
0.20708
0.20708
0.20718
0.55098
0.20752
0.20753
0.20775
0.20778
0.20787
0.20796
0.20825
0.20832
0.20836
0.2084
0.20845
0.20892
0.20911
0.20917
0.20918
0.20923
0.20948
0.20949
0.21
0.21026
0.21032
0.21036
0.21041
0.2105
0.21059
0.21059
0.21073
0.21076
0.21081
0.07158
0.21099
0.21102
0.21104
0.21106
0.21113
0.21114
0.21123
0.21157
0.81652
0.81652
0.21181
0.21218
0.21219
0.21235
0.21236
0.21243
0.2125
0.2126
0.42311
0.09088
0.21283
0.21291
0.21291
0.21297
0.21297
0.21313
0.21324
0.21327
0.21334
0.21347
0.21363
0.21378
0.21393
0.21396
0.21405
0.21419
0.21426
0.21434
0.21455
0.21462
0.2148
0.21494
0.21497
0.21498
0.21499
0.21501
0.21507
0.21512
0.21518
0.21521
0.21523
0.21531
0.21551
0.21558
0.21566
0.21576
0.21581
0.21596
0.21606
0.21608
0.21626
0.21635
0.63716
0.21646
0.04839
0.2166
0.21665
0.21686
0.2169
0.21692
0.21695
0.21716
0.21729
0.2174
0.21741
0.21741
0.21748
0.21762
0.21766
0.21772
0.21792
0.218
0.21845
0.21854
0.21856
0.2186
0.21888
0.21897
0.21903
0.21915
0.21917
0.21919
0.2192
0.21923
0.21924
0.21931
0.21932
0.21934
0.21939
0.2194
0.21942
0.21945
0.21952
0.21976
0.22005
0.2201
0.22044
0.2205
0.22068
0.22081
0.22125
0.22128
0.46399
0.22143
0.22182
0.22203
0.22204
0.22206
0.22216
0.2222
0.22226
0.22229
0.40033
0.22244
0.22276
0.22303
0.22369
0.22373
0.22377
0.2238
0.22382
0.22384
0.22386
0.22404
0.22426
0.22426
0.22474
0.22485
0.22497
0.22501
0.22515
0.22524
0.2255
0.22575
0.22606
0.22612
0.22614
0.22627
0.2263
0.22631
0.22636
0.22644
0.22648
0.22659
0.22664
0.22678
0.22688
0.22689
0.22696
0.22708
0.2271
0.22712
0.22728
0.22733
0.2275
0.22753
0.22772
0.22773
0.22785
0.228
0.2282
0.22826
0.22829
0.22834
0.22854
0.22858
0.22862
0.22865
0.22871
0.22871
0.22879
0.22888
0.22908
0.22911
0.22929
0.22946
0.22946
0.22949
0.22955
0.22956
0.2297
0.22974
0.16498
0.22995
0.22997
0.23002
0.23003
0.23006
0.23015
0.23017
0.23053
0.23059
0.23063
0.23079
0.23079
0.23083
0.231
0.23102
0.23104
0.23105
0.23114
0.23119
0.23124
0.23174
0.23187
0.23191
0.23193
0.23209
0.23219
0.5319
0.5319
0.23227
0.23228
0.23232
0.2324
0.23241
0.23257
0.23276
0.2329
0.2329
0.2329
0.23331
0.23333
0.23336
0.23362
0.23364
0.23381
0.64113
0.23444
0.23457
0.23482
0.23495
0.23498
0.23498
0.23506
0.23507
0.07835
0.23534
0.23536
0.23547
0.2355
0.23558
0.23596
0.23599
0.23602
0.23604
0.23617
0.23623
0.23626
0.23648
0.23671
0.85948
0.23707
0.23708
0.23708
0.2373
0.23736
0.80942
0.23745
0.23746
0.23773
0.23777
0.06507
0.23794
0.23798
0.23799
0.23804
0.23814
0.23816
0.2382
0.23826
0.23836
0.2384
0.23892
0.239
0.23918
0.23949
0.2395
0.23951
0.2397
0.24009
0.24014
0.24058
0.24072
0.24073
0.24079
0.98815
0.24101
0.24112
0.2414
0.24148
0.24151
0.24153
0.24166
0.24191
0.24206
0.24208
0.24218
0.24218
0.2423
0.24258
0.24258
0.24264
0.24276
0.24277
0.24277
0.24297
0.24301
0.24311
0.24318
0.2433
0.24343
0.24353
0.24356
0.24371
0.24391
0.24397
0.24418
0.24436
0.24454
0.24469
0.24471
0.24482
0.24483
0.24483
0.245
0.24514
0.24545
0.24546
0.24552
0.24555
0.24573
0.24574
0.69066
0.24603
0.24608
0.24618
0.00382
0.24645
0.24669
0.24671
0.24672
0.24678
0.24681
0.2469
0.24697
0.24705
0.24725
0.24727
0.24735
0.2477
0.24783
0.24788
0.2481
0.2482
0.24856
0.24864
0.24865
0.24867
0.24868
0.24882
0.24885
0.24908
0.24921
0.24928
0.2493
0.24965
0.24969
0.2498
0.24991
0.24992
0.25
0.2501
0.2502
0.25024
0.25037
0.25068
0.25075
0.2508
0.25088
0.25095
0.25099
0.25102
0.2512
0.25144
0.25156
0.25166
0.25178
0.2519
0.25194
0.2521
0.25211
0.55929
0.25227
0.25232
0.25246
0.25251
0.25262
0.25272
0.25273
0.2529
0.25293
0.25301
0.25306
0.25307
0.25332
0.25343
0.25351
0.25374
0.25375
0.25405
0.25423
0.25437
0.2544
0.25451
0.25456
0.25478
0.25491
0.25492
0.25493
0.25505
0.25511
0.25513
0.25513
0.25517
0.25528
0.25529
0.8977
0.25558
0.25575
0.25616
0.25622
0.25628
0.25638
0.2566
0.25676
0.25678
0.25698
0.25729
0.25766
0.25773
0.78843
0.25788
0.25794
0.2586
0.25866
0.25888
0.25898
0.25901
0.66426
0.2591
0.25926
0.25927
0.25934
0.25947
0.25948
0.25956
0.25958
0.2597
0.25978
0.25983
0.25985
0.25986
0.25989
0.25991
0.25992
0.26003
0.26007
0.26011
0.26014
0.26015
0.26017
0.26018
0.26027
0.26038
0.26049
0.26054
0.26056
0.2606
0.26061
0.2607
0.26071
0.26075
0.26082
0.26086
0.26089
0.26093
0.26104
0.26112
0.26112
0.26126
0.26128
0.26147
0.26169
0.26182
0.26192
0.26193
0.26201
0.26206
0.26245
0.26247
0.26259
0.26289
0.26292
0.263
0.26305
0.26311
0.2632
0.26321
0.26328
0.26338
0.26342
0.26352
0.26354
0.26356
0.26376
0.2639
0.26405
0.2641
0.26419
0.26456
0.26458
0.2647
0.33434
0.26492
0.26496
0.26497
0.26497
0.26502
0.26518
0.26542
0.26551
0.26557
0.26571
0.26573
0.26592
0.26602
0.11584
0.26616
0.26634
0.26635
0.2665
0.26663
0.836
0.26683
0.26683
0.26692
0.60682
0.26695
0.26701
0.26723
0.26739
0.26754
0.26767
0.26769
0.26782
0.26783
0.26797
0.26798
0.26804
0.26807
0.26809
0.26813
0.2682
0.26864
0.26877
0.26884
0.26898
0.26912
0.26935
0.28886
0.26951
0.2698
0.26996
0.27004
0.27011
0.27015
0.27024
0.27055
0.70624
0.27065
0.27076
0.2708
0.96799
0.27087
0.0103
0.27111
0.68662
0.27128
0.53916
0.27144
0.27161
0.27169
0.27169
0.27178
0.27187
0.27188
0.2721
0.27214
0.27217
0.27266
0.27284
0.27288
0.27297
0.27304
0.27307
0.27321
0.27326
0.27339
0.2737
0.27372
0.75537
0.27415
0.30031
0.27443
0.27446
0.27447
0.27448
0.2746
0.27463
0.27464
0.27473
0.27481
0.27493
0.27494
0.27499
0.27507
0.27508
0.27511
0.27513
0.27521
0.27532
0.2755
0.27558
0.27559
0.2756
0.27566
0.27573
0.27576
0.27579
0.27584
0.27603
0.27621
0.84803
0.27642
0.27649
0.27663
0.27672
0.27687
0.27719
0.27722
0.27741
0.27748
0.27752
0.2776
0.27763
0.27764
0.27764
0.27767
0.27772
0.27816
0.27818
0.27821
0.27821
0.2783
0.03588
0.2784
0.27847
0.155
0.2785
0.27852
0.27855
0.27859
0.2788
0.27885
0.27889
0.27898
0.27907
0.27909
0.2793
0.27965
0.27968
0.27968
0.27972
0.27974
0.27975
0.2799
0.27993
0.28008
0.28015
0.28023
0.28037
0.28043
0.28045
0.28048
0.28048
0.28061
0.28066
0.28086
0.30674
0.28109
0.28112
0.28114
0.28122
0.28125
0.28166
0.2819
0.282
0.28206
0.28225
0.28232
0.28244
0.03352
0.03352
0.28272
0.28296
0.28297
0.28297
0.28326
0.28339
0.28339
0.28348
0.28355
0.28357
0.28359
0.28364
0.2837
0.28405
0.28411
0.81179
0.28417
0.28417
0.28423
0.28429
0.28443
0.28444
0.28445
0.28454
0.28457
0.2846
0.28505
0.28507
0.28507
0.28527
0.28534
0.28538
0.28547
0.32923
0.2856
0.28564
0.2857
0.28573
0.28589
0.28593
0.28607
0.28645
0.28649
0.28661
0.28666
0.28667
0.28673
0.28682
0.28685
0.28699
0.28701
0.28706
0.28707
0.28726
0.28727
0.28739
0.28746
0.28751
0.28754
0.28757
0.28758
0.28773
0.28773
0.28781
0.28784
0.28785
0.28795
0.28806
0.28812
0.28814
0.28814
0.2884
0.28846
0.28849
0.28855
0.28861
0.28868
0.28873
0.28878
0.28883
0.26938
0.85015
0.28906
0.28931
0.28934
0.28936
0.77364
0.28947
0.28965
0.28968
0.28979
0.28987
0.29009
0.2901
0.29018
0.29043
0.29046
0.29049
0.29049
0.29061
0.29075
0.29088
0.2909
0.20263
0.29114
0.29116
0.2912
0.29135
0.29147
0.29194
0.29198
0.29225
0.29233
0.29234
0.29241
0.29255
0.29264
0.29276
0.29309
0.977
0.2933
0.29332
0.29341
0.29345
0.29348
0.29352
0.29357
0.29383
0.29395
0.29395
0.29397
0.29399
0.29402
0.29418
0.29423
0.29433
0.29434
0.29436
0.29446
0.29471
0.29484
0.29504
0.29505
0.29505
0.29512
0.29518
0.29529
0.29535
0.29536
0.29553
0.2956
0.29577
0.29589
0.2959
0.29591
0.29601
0.29608
0.29618
0.29642
0.29649
0.29657
0.2966
0.29662
0.29671
0.29672
0.29681
0.29686
0.29694
0.29696
0.29722
0.29726
0.2975
0.29755
0.29757
0.29758
0.2976
0.29766
0.29771
0.29777
0.29787
0.29791
0.29793
0.29794
0.29798
0.29816
0.29827
0.29846
0.8607
0.29866
0.29873
0.29882
0.2989
0.29897
0.29899
0.29924
0.29934
0.29943
0.2995
0.29959
0.29975
0.2999
0.29994
0.3
0.30009
0.30011
0.30022
0.27432
0.30038
0.30038
0.3005
0.30052
0.30079
0.30096
0.30115
0.30132
0.3017
0.30187
0.30229
0.30234
0.30238
0.30243
0.30246
0.3025
0.3027
0.303
0.82546
0.30323
0.30331
0.30355
0.30361
0.30388
0.30393
0.60388
0.30401
0.30405
0.30422
0.30439
0.30442
0.30446
0.30455
0.30463
0.30473
0.30477
0.30503
0.30505
0.30506
0.30521
0.30523
0.30525
0.30533
0.3054
0.30563
0.30574
0.30575
0.30612
0.30622
0.30627
0.3063
0.30637
0.30643
0.3066
0.30669
0.3067
0.28089
0.30686
0.69787
0.30698
0.30702
0.30712
0.30716
0.30735
0.30748
0.30756
0.30798
0.30818
0.30821
0.30827
0.30828
0.3084
0.30853
0.30869
0.3087
0.30878
0.30883
0.30883
0.30883
0.30888
0.30898
0.30935
0.3094
0.30947
0.30949
0.30954
0.30966
0.30981
0.30998
0.31001
0.31007
0.31011
0.31014
0.31033
0.31041
0.31052
0.3107
0.3107
0.31079
0.31087
0.3109
0.31091
0.31115
0.31126
0.31138
0.31144
0.31162
0.31168
0.31169
0.31181
0.31188
0.31189
0.31206
0.31211
0.31227
0.31255
0.31264
0.31271
0.31287
0.31307
0.31312
0.31333
0.3134
0.45291
0.81528
0.31361
0.31364
0.31365
0.31369
0.31385
0.31421
0.31435
0.3144
0.61377
0.31465
0.31466
0.31492
0.31495
0.31495
0.31502
0.31508
0.31525
0.31528
0.31531
0.31537
0.31565
0.72262
0.31588
0.31595
0.31598
0.31644
0.3165
0.31656
0.31663
0.31668
0.31671
0.31678
0.31681
0.317
0.31709
0.31714
0.31726
0.3174
0.31749
0.31761
0.31763
0.31783
0.31792
0.31796
0.31808
0.31815
0.31825
0.31827
0.31841
0.31842
0.31847
0.31868
0.31873
0.31899
0.31905
0.31938
0.31947
0.31956
0.31961
0.31979
0.32003
0.32004
0.32019
0.3461
0.3204
0.32049
0.32063
0.32068
0.32088
0.18121
0.32128
0.32131
0.32139
0.32145
0.32163
0.32176
0.3218
0.32184
0.32191
0.32206
0.32248
0.32275
0.32275
0.32279
0.94946
0.32283
0.32309
0.32325
0.32333
0.32338
0.32355
0.32358
0.32366
0.32371
0.32373
0.18591
0.32399
0.32411
0.32424
0.32429
0.3245
0.32452
0.32465
0.32473
0.32486
0.32487
0.32505
0.32505
0.32522
0.32524
0.32527
0.32527
0.32528
0.32535
0.32536
0.32578
0.32581
0.32588
0.32598
0.32606
0.32639
0.3264
0.32656
0.32657
0.32665
0.32681
0.32682
0.32685
0.32688
0.32689
0.32696
0.6152
0.32708
0.32709
0.3271
0.32712
0.32716
0.32727
0.32756
0.32767
0.32771
0.32797
0.32801
0.32808
0.3282
0.32828
0.3283
0.32831
0.3284
0.32844
0.32861
0.46744
0.32868
0.32898
0.32915
0.32917
0.17009
0.32927
0.32928
0.32935
0.3297
0.3298
0.3299
0.33017
0.33027
0.33028
0.3303
0.33034
0.08245
0.3305
0.33051
0.3307
0.33077
0.33108
0.33112
0.33136
0.33171
0.33202
0.33205
0.33207
0.33211
0.33216
0.33224
0.3326
0.33261
0.33271
0.33285
0.33286
0.33291
0.3331
0.3331
0.33318
0.33328
0.3333
0.33348
0.3336
0.33362
0.3339
0.33401
0.33432
0.26476
0.33435
0.33441
0.33444
0.3345
0.33456
0.33467
0.3348
0.33491
0.33491
0.33492
0.64212
0.64212
0.33523
0.33528
0.39188
0.33548
0.33552
0.33561
0.33563
0.33565
0.33607
0.33631
0.33636
0.33647
0.33661
0.33661
0.3367
0.33691
0.3371
0.33719
0.33732
0.33733
0.33742
0.33746
0.33748
0.33754
0.33758
0.36742
0.33768
0.33772
0.33786
0.33789
0.33817
0.33824
0.33825
0.33825
0.33837
0.35234
0.33844
0.33849
0.33857
0.33862
0.33863
0.33871
0.33873
0.33882
0.33882
0.33885
0.33903
0.33913
0.33928
0.33941
0.3396
0.33963
0.33968
0.99562
0.33979
0.33992
0.34001
0.34004
0.34004
0.34024
0.34053
0.34055
0.34055
0.34058
0.34071
0.34076
0.34086
0.34087
0.34094
0.34097
0.00651
0.3413
0.34135
0.34146
0.34146
0.34169
0.34182
0.34185
0.34194
0.34205
0.34211
0.34213
0.34221
0.34222
0.34225
0.34225
0.34235
0.34243
0.42901
0.42901
0.34259
0.3426
0.34278
0.34286
0.34287
0.3429
0.34309
0.34309
0.34314
0.3432
0.34341
0.34371
0.00089
0.34414
0.34423
0.34446
0.34447
0.34456
0.34471
0.34473
0.34475
0.34479
0.3449
0.34499
0.34509
0.34527
0.34536
0.34557
0.34561
0.34569
0.34572
0.34602
0.32023
0.34621
0.34623
0.34627
0.34643
0.34668
0.34678
0.34683
0.34693
0.34699
0.34706
0.34708
0.34725
0.34731
0.34737
0.34739
0.34753
0.34773
0.34774
0.34786
0.348
0.348
0.34807
0.34821
0.34822
0.34832
0.34867
0.34879
0.3488
0.39502
0.34892
0.34893
0.34896
0.34908
0.34918
0.34928
0.34939
0.34958
0.34965
0.34974
0.34982
0.34994
0.34998
0.35003
0.35011
0.35022
0.35034
0.35037
0.35057
0.35063
0.35064
0.35066
0.35072
0.35073
0.35075
0.57928
0.35104
0.35108
0.35111
0.35127
0.35142
0.35181
0.35183
0.35184
0.35184
0.35192
0.35199
0.35202
0.57575
0.57575
0.57575
0.35213
0.35217
0.35221
0.35228
0.35232
0.35233
0.33838
0.35254
0.35286
0.35301
0.35321
0.35333
0.35362
0.35385
0.3539
0.35396
0.35416
0.35434
0.35441
0.95975
0.35471
0.3548
0.355
0.35509
0.35509
0.35521
0.35531
0.35555
0.35559
0.35569
0.35599
0.35613
0.35615
0.35616
0.35618
0.35646
0.35658
0.3566
0.35664
0.35664
0.35671
0.35676
0.35684
0.35718
0.35738
0.35739
0.35742
0.35743
0.35743
0.35752
0.3576
0.35766
0.35776
0.35776
0.35778
0.811
0.35801
0.35802
0.35819
0.35821
0.35884
0.35887
0.35895
0.35911
0.35913
0.35915
0.35933
0.35938
0.35945
0.35948
0.35968
0.35974
0.35976
0.35978
0.35984
0.35989
0.35999
0.36001
0.36013
0.3602
0.36023
0.36037
0.36038
0.36056
0.36079
0.36082
0.36082
0.36117
0.36117
0.36139
0.36141
0.36163
0.36172
0.36177
0.36189
0.3619
0.36218
0.36239
0.36253
0.36262
0.36268
0.36272
0.36285
0.3629
0.36295
0.36296
0.36308
0.36313
0.36326
0.36356
0.36361
0.3638
0.36399
0.36413
0.36441
0.36441
0.36449
0.36449
0.36455
0.36468
0.36499
0.36512
0.36522
0.36534
0.36536
0.36537
0.36542
0.36544
0.36562
0.36569
0.36595
0.36601
0.36616
0.36617
0.36627
0.3663
0.36633
0.36653
0.36661
0.36664
0.36671
0.36672
0.36679
0.36686
0.36688
0.36689
0.36702
0.36712
0.36728
0.33759
0.33759
0.36784
0.36794
0.36809
0.36822
0.36826
0.36827
0.36841
0.36843
0.36866
0.36886
0.36886
0.36892
0.36905
0.36916
0.36927
0.36931
0.36936
0.36939
0.36941
0.3695
0.3696
0.36967
0.36973
0.36974
0.36981
0.36987
0.36987
0.36989
0.36998
0.3702
0.37042
0.37045
0.37051
0.37051
0.37064
0.37072
0.37124
0.05472
0.37128
0.37135
0.37163
0.3718
0.3718
0.37184
0.37186
0.37205
0.37224
0.37254
0.37268
0.37301
0.37318
0.37325
0.37327
0.3733
0.3734
0.37344
0.37348
0.37352
0.37357
0.37369
0.3738
0.58248
0.37387
0.37394
0.37434
0.37446
0.37456
0.3748
0.37483
0.37535
0.49347
0.3755
0.37556
0.37569
0.37574
0.37579
0.37625
0.37627
0.3766
0.37661
0.37666
0.37676
0.37683
0.37688
0.3769
0.37705
0.37707
0.3771
0.37715
0.3773
0.37742
0.37744
0.37748
0.37752
0.37755
0.37757
0.37758
0.37764
0.37781
0.37786
0.37791
0.37797
0.37806
0.37847
0.37862
0.37865
0.37872
0.37872
0.37878
0.37883
0.77705
0.77705
0.37887
0.37888
0.37913
0.37917
0.3794
0.3794
0.37943
0.37949
0.37994
0.38019
0.38048
0.38063
0.38067
0.38073
0.38095
0.38102
0.74969
0.38118
0.38135
0.38172
0.38174
0.38177
0.3819
0.38193
0.38194
0.382
0.38201
0.38203
0.38218
0.38235
0.38236
0.38239
0.38243
0.38243
0.38254
0.38269
0.38275
0.38278
0.38284
0.38286
0.38303
0.38316
0.38354
0.38355
0.38359
0.38377
0.38389
0.38395
0.38396
0.38413
0.38419
0.38419
0.38441
0.38447
0.38451
0.38457
0.38462
0.38466
0.38469
0.38476
0.38482
0.38491
0.38497
0.38498
0.38504
0.38506
0.38514
0.38524
0.38542
0.38545
0.38565
0.38586
0.38602
0.38607
0.38609
0.38611
0.38612
0.38613
0.38626
0.38639
0.38642
0.38645
0.38677
0.38687
0.38688
0.38694
0.38702
0.38705
0.38705
0.38711
0.38714
0.38717
0.38739
0.39789
0.38766
0.38771
0.3879
0.388
0.38808
0.38827
0.38828
0.38829
0.3883
0.38857
0.75809
0.38864
0.38869
0.38877
0.38877
0.3889
0.38909
0.38917
0.38935
0.38939
0.38964
0.38966
0.38966
0.38976
0.38989
0.39003
0.39012
0.39028
0.39035
0.39067
0.39088
0.39089
0.39099
0.39112
0.39124
0.39142
0.39149
0.3915
0.39157
0.39171
0.89452
0.39202
0.39209
0.39223
0.39245
0.39251
0.39253
0.39266
0.39282
0.393
0.39301
0.39341
0.39346
0.39349
0.39351
0.39377
0.39397
0.39403
0.39411
0.39414
0.39417
0.39422
0.39442
0.39443
0.39465
0.39478
0.39479
0.9734
0.39483
0.39499
0.39499
0.34888
0.39521
0.39522
0.39532
0.39533
0.39543
0.39551
0.3956
0.68144
0.39564
0.3957
0.39572
0.39577
0.39589
0.3959
0.39615
0.39618
0.80046
0.3966
0.39668
0.39669
0.39673
0.39678
0.3968
0.39681
0.80468
0.39699
0.39706
0.39712
0.39749
0.39762
0.39764
0.39774
0.39785
0.38749
0.39802
0.39803
0.39814
0.39816
0.39817
0.39828
0.39842
0.39846
0.39861
0.39876
0.39886
0.39897
0.39898
0.39899
0.39907
0.39907
0.39912
0.39926
0.39934
0.39959
0.3996
0.3997
0.39972
0.39979
0.39984
0.39988
0.3999
0.22241
0.40043
0.65503
0.40064
0.40084
0.40092
0.40093
0.40102
0.40105
0.40106
0.40132
0.40173
0.40184
0.59638
0.40197
0.40198
0.40205
0.64108
0.40212
0.40213
0.40225
0.40245
0.4025
0.40272
0.40297
0.40303
0.57375
0.15959
0.40353
0.40371
0.40372
0.40374
0.4946
0.40387
0.40389
0.40398
0.40404
0.40413
0.40425
0.40458
0.40458
0.40459
0.40474
0.40475
0.40476
0.56757
0.40515
0.40549
0.0548
0.40574
0.40581
0.40586
0.37127
0.40631
0.40632
0.40634
0.40636
0.40641
0.40662
0.4067
0.40684
0.40696
0.40708
0.40721
0.40724
0.40726
0.40727
0.40733
0.4074
0.40741
0.40748
0.40766
0.40812
0.40837
0.40847
0.40865
0.40884
0.40891
0.40901
0.04458
0.40911
0.40925
0.4097
0.4098
0.40985
0.4099
0.41009
0.41055
0.41065
0.41085
0.41088
0.41096
0.41096
0.41108
0.4111
0.41118
0.41131
0.41133
0.41136
0.41166
0.41176
0.41199
0.41201
0.4121
0.41223
0.41234
0.41268
0.41284
0.41315
0.41351
0.41355
0.41361
0.41364
0.41365
0.41376
0.41377
0.41402
0.41415
0.41426
0.4143
0.41431
0.41432
0.41436
0.41438
0.4144
0.41441
0.41451
0.41462
0.41472
0.41472
0.41493
0.41525
0.41527
0.41543
0.41545
0.41548
0.41557
0.41572
0.41577
0.41587
0.4159
0.41591
0.41616
0.41626
0.41631
0.41635
0.41646
0.4167
0.41675
0.41689
0.4169
0.41701
0.41712
0.41712
0.4173
0.41738
0.41744
0.41752
0.41757
0.41766
0.41771
0.41778
0.41785
0.41791
0.41797
0.41819
0.41824
0.41859
0.41876
0.41877
0.41881
0.41884
0.41884
0.41885
0.41886
0.4189
0.41942
0.41945
0.41962
0.41962
0.41963
0.41969
0.41972
0.41983
0.41989
0.4199
0.42003
0.42003
0.42013
0.42034
0.42035
0.42038
0.42042
0.42051
0.42065
0.42066
0.42069
0.4207
0.42071
0.42092
0.42102
0.42111
0.4216
0.42175
0.42201
0.42225
0.42234
0.42245
0.42246
0.42247
0.42248
0.4225
0.4226
0.4226
0.42275
0.4229
0.42303
0.42303
0.21272
0.42327
0.42337
0.42341
0.42341
0.42344
0.42369
0.42385
0.42388
0.42392
0.42395
0.42396
0.4241
0.42417
0.42437
0.42446
0.42461
0.42467
0.42478
0.42484
0.4249
0.42491
0.42491
0.42497
0.42499
0.42516
0.84965
0.72463
0.42521
0.42524
0.42535
0.42554
0.42562
0.58922
0.42586
0.59739
0.42606
0.42608
0.42616
0.42625
0.4263
0.42639
0.42699
0.42702
0.4271
0.42726
0.42743
0.4275
0.42754
0.42767
0.42775
0.42778
0.42787
0.42789
0.42798
0.42805
0.81866
0.42811
0.42818
0.4283
0.4283
0.86656
0.42875
0.42882
0.42886
0.42888
0.42897
0.20584
0.42907
0.42918
0.42939
0.42945
0.42965
0.42971
0.42973
0.42975
0.42989
0.43013
0.43018
0.43035
0.43039
0.43048
0.74537
0.43053
0.43058
0.43059
0.43066
0.43087
0.43089
0.43098
0.43123
0.43127
0.43132
0.43138
0.43179
0.43211
0.43223
0.43235
0.43263
0.43284
0.43295
0.43298
0.43302
0.43312
0.99386
0.43363
0.43366
0.43376
0.43381
0.43381
0.43391
0.43412
0.43431
0.43438
0.43453
0.43457
0.43479
0.43486
0.43498
0.435
0.43527
0.4355
0.4359
0.436
0.43619
0.43636
0.4366
0.43662
0.43666
0.43673
0.43684
0.43689
0.43696
0.43742
0.43743
0.98488
0.43753
0.43766
0.43769
0.43789
0.4379
0.43791
0.43816
0.43819
0.43835
0.43836
0.43838
0.43876
0.43881
0.4391
0.43921
0.43923
0.43931
0.43932
0.43937
0.43966
0.43967
0.4397
0.43983
0.43994
0.44007
0.44012
0.44012
0.44016
0.44051
0.44052
0.44059
0.44066
0.44074
0.44081
0.44107
0.44128
0.44134
0.44134
0.44142
0.44156
0.44165
0.44169
0.44174
0.44175
0.44178
0.44184
0.44188
0.44194
0.44198
0.44198
0.44206
0.44213
0.44224
0.44226
0.44235
0.44236
0.44246
0.44251
0.85445
0.44283
0.44287
0.44299
0.4431
0.44321
0.44326
0.4433
0.44346
0.44365
0.44366
0.44377
0.44379
0.4438
0.44386
0.44393
0.444
0.4441
0.44412
0.44417
0.44417
0.44444
0.44462
0.44468
0.44492
0.44526
0.44527
0.44536
0.4454
0.54807
0.44548
0.44552
0.44559
0.44561
0.44596
0.44599
0.44606
0.4462
0.44634
0.44652
0.44653
0.44661
0.44669
0.44673
0.44675
0.44677
0.44682
0.44684
0.44685
0.44702
0.44702
0.4471
0.44717
0.44717
0.44719
0.44729
0.44733
0.44746
0.44758
0.4479
0.44796
0.44798
0.448
0.44828
0.44833
0.15446
0.44848
0.4485
0.44855
0.44891
0.44907
0.44908
0.4492
0.44956
0.44966
0.44966
0.44969
0.44977
0.44983
0.44983
0.44986
0.44991
0.45
0.45016
0.45041
0.45041
0.45045
0.45045
0.45051
0.45063
0.45065
0.45083
0.45084
0.45093
0.45106
0.45123
0.45127
0.45128
0.45131
0.45135
0.45139
0.4517
0.45173
0.45175
0.45178
0.45204
0.45204
0.45211
0.45214
0.45214
0.45227
0.45229
0.45233
0.45239
0.45246
0.45249
0.45276
0.45279
0.45285
0.45289
0.31349
0.31349
0.453
0.45302
0.45326
0.45328
0.45328
0.18285
0.45337
0.01325
0.45353
0.45355
0.45384
0.45386
0.45418
0.45438
0.45448
0.07852
0.45463
0.45476
0.45518
0.45584
0.456
0.456
0.45608
0.4562
0.45624
0.45628
0.45648
0.45662
0.45674
0.4569
0.45691
0.457
0.45702
0.45703
0.45728
0.45736
0.4574
0.45757
0.45764
0.45766
0.45785
0.45792
0.45811
0.45813
0.45816
0.45837
0.45839
0.45844
0.45846
0.4585
0.45878
0.45879
0.45894
0.45896
0.45897
0.45914
0.45922
0.45924
0.45943
0.45955
0.4596
0.45967
0.4598
0.45988
0.45997
0.46
0.46014
0.46014
0.46027
0.46041
0.46062
0.00235
0.46076
0.46082
0.46089
0.4611
0.46114
0.46135
0.46137
0.46153
0.46154
0.46161
0.72483
0.46192
0.46201
0.46206
0.46215
0.46218
0.46225
0.46235
0.4625
0.4625
0.46254
0.46257
0.46264
0.46267
0.46268
0.46272
0.4629
0.46296
0.46298
0.46301
0.46312
0.46312
0.46313
0.46327
0.46332
0.46333
0.46335
0.46339
0.46367
0.4637
0.46381
0.46394
0.39684
0.46412
0.46414
0.46416
0.46433
0.46441
0.46445
0.46448
0.46455
0.46467
0.73913
0.46497
0.46504
0.46505
0.46532
0.46563
0.46569
0.46587
0.46589
0.46593
0.46621
0.46634
0.46642
0.46702
0.46703
0.46714
0.46722
0.46734
0.46742
0.46743
0.32864
0.46746
0.46754
0.4677
0.46789
0.46796
0.46815
0.46822
0.46828
0.4683
0.4683
0.46842
0.46855
0.46876
0.46881
0.46886
0.46904
0.46923
0.46925
0.46927
0.46948
0.4696
0.46995
0.47031
0.47031
0.47042
0.47061
0.47089
0.65049
0.47095
0.47105
0.47108
0.47108
0.47118
0.47119
0.47119
0.47138
0.47151
0.47167
0.47167
0.47172
0.47189
0.47214
0.47215
0.47223
0.47242
0.4725
0.47253
0.47254
0.47259
0.47261
0.47264
0.47269
0.47277
0.47282
0.47295
0.47298
0.47301
0.47312
0.4732
0.47323
0.47325
0.47327
0.4734
0.47352
0.47381
0.47383
0.47389
0.47404
0.47407
0.47454
0.47459
0.4746
0.4749
0.47497
0.47506
0.47517
0.47539
0.4754
0.47544
0.47547
0.47553
0.47576
0.47589
0.47597
0.47605
0.47631
0.47631
0.47655
0.47664
0.47667
0.47675
0.47686
0.87737
0.47716
0.4772
0.47726
0.47729
0.47738
0.47746
0.47753
0.47763
0.47763
0.47764
0.47765
0.47768
0.47769
0.47771
0.47803
0.47813
0.47831
0.51121
0.47845
0.47847
0.47853
0.47857
0.4786
0.47862
0.47882
0.47886
0.47905
0.47927
0.47948
0.47962
0.47962
0.47969
0.47973
0.47974
0.47988
0.47988
0.47996
0.48
0.48004
0.48004
0.48012
0.48019
0.4802
0.48029
0.48041
0.48045
0.48046
0.51645
0.48062
0.48072
0.48078
0.48079
0.48096
0.48097
0.48099
0.48105
0.48111
0.48117
0.48139
0.48172
0.48189
0.48192
0.48202
0.48204
0.48213
0.48251
0.48284
0.48287
0.48292
0.48294
0.483
0.48314
0.48316
0.48339
0.48376
0.48382
0.48387
0.48404
0.48428
0.48434
0.48456
0.48457
0.48457
0.48483
0.48503
0.48521
0.48523
0.48531
0.48533
0.48538
0.48539
0.48546
0.4856
0.48562
0.48571
0.48575
0.48591
0.48607
0.48608
0.48617
0.48629
0.48633
0.48641
0.48648
0.48666
0.48682
0.48724
0.48733
0.65199
0.4874
0.48741
0.48755
0.48766
0.48776
0.48782
0.87905
0.48788
0.48789
0.48804
0.48849
0.48864
0.48879
0.48912
0.19731
0.19731
0.98222
0.48935
0.48937
0.48948
0.48949
0.48969
0.48973
0.48978
0.48981
0.48986
0.48989
0.49006
0.49007
0.49039
0.49048
0.49062
0.49062
0.49063
0.49091
0.49093
0.49098
0.491
0.4911
0.49121
0.49141
0.49165
0.4917
0.49184
0.49185
0.51009
0.49208
0.49236
0.49238
0.49243
0.49245
0.49262
0.49265
0.49279
0.49279
0.49286
0.4929
0.49309
0.49323
0.49325
0.49345
0.37544
0.49357
0.4936
0.49373
0.49391
0.49395
0.49395
0.49395
0.49401
0.49402
0.49408
0.49427
0.49454
0.49454
0.49455
0.49458
0.40381
0.49466
0.4947
0.49475
0.49479
0.49488
0.49504
0.49505
0.49518
0.4952
0.4952
0.49524
0.49524
0.49527
0.49541
0.49544
0.49545
0.49581
0.49594
0.49601
0.49615
0.49619
0.49621
0.49622
0.4963
0.49645
0.49645
0.49662
0.49674
0.49675
0.49685
0.49685
0.49696
0.49709
0.49721
0.49724
0.49734
0.49749
0.49751
0.49758
0.49787
0.49791
0.49822
0.49836
0.4986
0.49863
0.49871
0.49895
0.49896
0.49896
0.75806
0.49909
0.49911
0.49933
0.49936
0.49937
0.49967
0.49988
0.49991
0.49992
0.49995
0.49999
0.50018
0.50047
0.50052
0.50096
0.50106
0.50123
0.5013
0.50139
0.50162
0.50162
0.50167
0.50169
0.50172
0.50186
0.50187
0.50192
0.50207
0.5021
0.50224
0.50234
0.50235
0.50258
0.5028
0.50288
0.50301
0.50321
0.50339
0.50345
0.50359
0.50359
0.50369
0.5037
0.50389
0.50399
0.50405
0.50418
0.50421
0.50425
0.50437
0.50452
0.50468
0.50472
0.50488
0.50504
0.50539
0.5054
0.34253
0.50556
0.50562
0.50578
0.50599
0.506
0.5061
0.50627
0.50628
0.50629
0.50653
0.5067
0.50708
0.50709
0.50714
0.50715
0.50728
0.50733
0.50733
0.50734
0.50737
0.50753
0.50757
0.50773
0.50785
0.50801
0.50805
0.50806
0.50809
0.50812
0.50819
0.50826
0.50838
0.50842
0.50852
0.50852
0.50857
0.50882
0.50888
0.50904
0.50919
0.50928
0.50934
0.50943
0.50955
0.50966
0.50985
0.5099
0.50994
0.50997
0.49204
0.51017
0.51018
0.51026
0.51034
0.51042
0.51047
0.51054
0.5106
0.5106
0.51071
0.51072
0.51078
0.51085
0.51107
0.51109
0.4784
0.51123
0.51128
0.51136
0.51139
0.51143
0.51144
0.51175
0.51194
0.51203
0.51205
0.51212
0.51215
0.16505
0.51256
0.51292
0.51293
0.51294
0.51303
0.51314
0.51316
0.51325
0.51333
0.51348
0.51377
0.5138
0.51411
0.5142
0.5144
0.51456
0.51471
0.51482
0.51483
0.5149
0.51501
0.51516
0.51522
0.51545
0.51552
0.51592
0.51593
0.51595
0.51596
0.51608
0.51623
0.51623
0.51627
0.48059
0.51651
0.51652
0.51654
0.51661
0.51666
0.51678
0.51685
0.51714
0.5172
0.51723
0.51724
0.51756
0.51759
0.91805
0.51772
0.51789
0.51791
0.51796
0.51807
0.51817
0.51844
0.51845
0.51848
0.51859
0.51863
0.51863
0.51867
0.51881
0.51881
0.51883
0.5189
0.51902
0.51909
0.51911
0.51915
0.51939
0.51942
0.51961
0.51966
0.51971
0.51973
0.51981
0.51987
0.51994
0.11214
0.52018
0.5202
0.52035
0.52043
0.52043
0.52084
0.52105
0.5213
0.52133
0.5214
0.52144
0.52161
0.52173
0.52184
0.52192
0.52194
0.52196
0.52217
0.52243
0.52267
0.52271
0.52273
0.52274
0.52293
0.52315
0.52334
0.52339
0.52348
0.52358
0.5237
0.52394
0.52419
0.52432
0.52441
0.52482
0.52493
0.52511
0.52515
0.52515
0.52542
0.52549
0.52556
0.52556
0.52568
0.52576
0.52576
0.52584
0.52584
0.526
0.52605
0.52608
0.52627
0.52642
0.52648
0.5265
0.52653
0.52657
0.85847
0.52678
0.52679
0.52695
0.52712
0.52713
0.52747
0.52749
0.52762
0.52766
0.52811
0.52817
0.52821
0.52828
0.5283
0.52832
0.52857
0.52866
0.52868
0.52875
0.52894
0.52899
0.52926
0.52929
0.52932
0.52937
0.52941
0.52944
0.52956
0.52956
0.5296
0.52962
0.52968
0.52974
0.52975
0.52981
0.53011
0.07938
0.53027
0.5303
0.53031
0.84606
0.53072
0.531
0.53119
0.5312
0.53131
0.53151
0.53167
0.53186
0.23222
0.53194
0.53205
0.53232
0.53234
0.53236
0.53249
0.5325
0.53254
0.5327
0.53281
0.53314
0.53319
0.53324
0.53333
0.53349
0.5335
0.53371
0.53375
0.53395
0.534
0.53403
0.53425
0.53427
0.53446
0.53456
0.53467
0.53488
0.53509
0.53517
0.53528
0.53546
0.5358
0.53596
0.53605
0.53606
0.53607
0.53616
0.53628
0.53633
0.53633
0.53642
0.53642
0.53644
0.53651
0.53674
0.53697
0.53706
0.53714
0.53714
0.53725
0.53752
0.53763
0.53768
0.53776
0.53805
0.53824
0.53842
0.53846
0.53852
0.5386
0.53866
0.53867
0.53889
0.27129
0.27129
0.53918
0.53918
0.53921
0.53925
0.5393
0.53932
0.53942
0.53951
0.53964
0.53965
0.53975
0.53982
0.53985
0.76303
0.54047
0.54081
0.54099
0.54122
0.54124
0.54134
0.54143
0.5415
0.5415
0.54157
0.54162
0.54176
0.54183
0.54205
0.54207
0.54213
0.54223
0.54245
0.54256
0.5426
0.54281
0.54286
0.54297
0.54298
0.54301
0.54326
0.54333
0.54365
0.54372
0.54376
0.54388
0.54391
0.5441
0.54442
0.54446
0.54458
0.5447
0.54484
0.03363
0.54503
0.54512
0.54514
0.54518
0.54522
0.54534
0.54551
0.80722
0.54576
0.54592
0.54597
0.54598
0.54603
0.5461
0.54624
0.54625
0.54639
0.5465
0.54652
0.54654
0.54654
0.54667
0.54683
0.54697
0.54717
0.54718
0.54725
0.54729
0.54731
0.54738
0.54749
0.54763
0.54798
0.44544
0.54838
0.54846
0.54864
0.54873
0.54875
0.54876
0.54879
0.54907
0.54949
0.54966
0.54972
0.54999
0.55002
0.5501
0.55016
0.55021
0.55033
0.55068
0.55094
0.20737
0.55119
0.5512
0.55144
0.55145
0.55148
0.55148
0.55149
0.55151
0.55164
0.55166
0.55178
0.55526
0.55226
0.55237
0.55257
0.55264
0.55267
0.55277
0.55287
0.55296
0.55297
0.55309
0.55314
0.55314
0.5532
0.55341
0.55343
0.55344
0.55345
0.55348
0.55351
0.55359
0.55359
0.55381
0.55383
0.55387
0.55394
0.55401
0.55401
0.55415
0.55461
0.55467
0.55469
0.55505
0.55508
0.55516
0.15512
0.55527
0.55567
0.55577
0.55587
0.55597
0.55605
0.55609
0.55626
0.55626
0.55632
0.55635
0.55642
0.55648
0.9306
0.55665
0.55669
0.31586
0.55689
0.55691
0.55721
0.55721
0.55744
0.55753
0.55757
0.55802
0.55805
0.55805
0.55813
0.5582
0.55826
0.55827
0.55844
0.55848
0.55852
0.55894
0.55915
0.25223
0.5594
0.55945
0.55997
0.56009
0.5601
0.56017
0.56022
0.56031
0.56035
0.56053
0.56056
0.6917
0.5609
0.56091
0.56096
0.56122
0.56134
0.56159
0.56162
0.56185
0.56199
0.56209
0.56213
0.56239
0.56281
0.56286
0.56294
0.56311
0.56316
0.56317
0.56321
0.56344
0.56345
0.56348
0.56348
0.56366
0.5637
0.56379
0.564
0.56406
0.5642
0.5642
0.56436
0.56446
0.56449
0.56468
0.56475
0.56497
0.56513
0.56515
0.56535
0.56537
0.56543
0.56565
0.56565
0.75733
0.56574
0.56579
0.56591
0.09017
0.56602
0.56607
0.56635
0.56635
0.56636
0.56715
0.56734
0.56741
0.56743
0.56748
0.405
0.56795
0.56808
0.56811
0.56825
0.56841
0.56843
0.56843
0.56849
0.65589
0.56857
0.56868
0.56878
0.56879
0.5688
0.56882
0.56883
0.56886
0.56892
0.56894
0.56917
0.1139
0.56943
0.56973
0.5698
0.56981
0.56999
0.57004
0.57008
0.57009
0.57013
0.57014
0.57027
0.57032
0.5704
0.57051
0.57058
0.57059
0.57072
0.57113
0.57118
0.57162
0.57171
0.57176
0.57179
0.57218
0.57221
0.57222
0.57237
0.57247
0.57292
0.57296
0.57305
0.57317
0.57319
0.57321
0.57323
0.57323
0.57341
0.57348
0.57352
0.40321
0.57382
0.57388
0.57401
0.57406
0.57408
0.57415
0.57418
0.83707
0.57457
0.57462
0.57463
0.57488
0.57491
0.57495
0.57498
0.57505
0.57514
0.7445
0.57538
0.57539
0.57541
0.57551
0.57561
0.35211
0.57618
0.5763
0.57652
0.57658
0.57664
0.57677
0.57695
0.57729
0.57729
0.5774
0.57751
0.57752
0.5776
0.57764
0.57764
0.57785
0.57794
0.57813
0.57822
0.57845
0.57859
0.57864
0.1046
0.57876
0.5789
0.57894
0.579
0.57905
0.57925
0.35103
0.57933
0.57939
0.57961
0.57968
0.57981
0.57985
0.58007
0.58013
0.58024
0.58032
0.58045
0.58055
0.58068
0.5807
0.58078
0.58102
0.58109
0.5811
0.58135
0.58174
0.5818
0.58203
0.58224
0.58228
0.58235
0.37385
0.58261
0.58267
0.58321
0.58327
0.58328
0.58343
0.58349
0.5835
0.58357
0.58357
0.5836
0.58361
0.58386
0.58389
0.58394
0.58401
0.58415
0.58415
0.58418
0.58419
0.58457
0.58459
0.5847
0.58519
0.58529
0.58535
0.58549
0.62225
0.58553
0.82993
0.58592
0.58595
0.58595
0.58605
0.58612
0.58616
0.58617
0.58629
0.58637
0.5864
0.58652
0.58657
0.5866
0.58677
0.58679
0.58679
0.58683
0.58698
0.58719
0.5872
0.58723
0.58738
0.58739
0.58746
0.58751
0.58771
0.58787
0.58792
0.58796
0.588
0.58801
0.58804
0.58807
0.58831
0.58846
0.5886
0.58866
0.5888
0.58881
0.58885
0.58891
0.58912
0.42573
0.58923
0.58941
0.58941
0.58949
0.58959
0.5898
0.58989
0.5899
0.58991
0.59003
0.59005
0.59008
0.5901
0.59038
0.59056
0.59074
0.59115
0.59133
0.59139
0.59153
0.59157
0.59162
0.59162
0.59168
0.59174
0.59179
0.72917
0.59185
0.59213
0.59221
0.59235
0.59239
0.59241
0.59244
0.59259
0.88604
0.88604
0.59304
0.59309
0.59315
0.59328
0.59336
0.59342
0.59373
0.59382
0.59388
0.5939
0.59399
0.594
0.59406
0.59418
0.59425
0.5944
0.59451
0.59478
0.5949
0.59493
0.595
0.59501
0.59504
0.5951
0.59526
0.59539
0.59545
0.59548
0.59553
0.59554
0.59587
0.59602
0.59607
0.59608
0.59612
0.59613
0.59617
0.59633
0.4019
0.59641
0.59651
0.59679
0.59682
0.59686
0.5971
0.59717
0.59724
0.5973
0.59738
0.42589
0.59741
0.59756
0.59757
0.59762
0.59783
0.59784
0.59789
0.59808
0.59811
0.59849
0.59861
0.5988
0.59901
0.59901
0.59917
0.59938
0.59942
0.91332
0.59973
0.59974
0.59983
0.60008
0.60027
0.6003
0.60035
0.60037
0.60041
0.60049
0.60052
0.60055
0.60062
0.60064
0.60078
0.60086
0.60091
0.60095
0.60116
0.6012
0.60134
0.60137
0.60145
0.60147
0.60155
0.60167
0.60203
0.60207
0.60215
0.60215
0.60218
0.0166
0.60228
0.60254
0.60259
0.60264
0.60266
0.60271
0.60283
0.60283
0.60287
0.6029
0.67343
0.60302
0.60325
0.60357
0.6036
0.60362
0.60367
0.30397
0.60407
0.60417
0.60426
0.60453
0.60455
0.60474
0.60477
0.60495
0.60503
0.60511
0.60517
0.6052
0.60522
0.6053
0.60546
0.60556
0.60563
0.60567
0.60606
0.60623
0.6064
0.60642
0.60644
0.60644
0.60668
0.60675
0.26694
0.60685
0.60698
0.607
0.60718
0.60733
0.60735
0.60737
0.6074
0.60751
0.60756
0.60761
0.60803
0.60816
0.60819
0.6082
0.60827
0.60831
0.60835
0.60837
0.60845
0.60849
0.60874
0.60891
0.60894
0.60896
0.60896
0.60907
0.60929
0.6095
0.60968
0.60969
0.60989
0.60995
0.60996
0.61003
0.61008
0.6102
0.61026
0.61043
0.61055
0.61057
0.61067
0.61072
0.61075
0.61079
0.6111
0.61123
0.61138
0.61141
0.61153
0.61157
0.6116
0.61182
0.61186
0.61194
0.6121
0.61212
0.61213
0.61219
0.61219
0.61225
0.61226
0.61257
0.61258
0.61318
0.61338
0.61343
0.61351
0.61359
0.61373
0.31441
0.61378
0.14698
0.61423
0.61441
0.61442
0.61446
0.61452
0.61456
0.61479
0.61484
0.61501
0.61505
0.61512
0.61514
0.32707
0.61525
0.61554
0.61572
0.61581
0.61584
0.616
0.61622
0.61628
0.61637
0.61641
0.61642
0.61651
0.61652
0.61681
0.61687
0.61688
0.6172
0.61724
0.61738
0.61743
0.61749
0.61749
0.6175
0.61767
0.61789
0.61799
0.61824
0.61856
0.6187
0.619
0.61922
0.6193
0.61947
0.61955
0.61968
0.6197
0.61986
0.6199
0.61993
0.61993
0.62001
0.62023
0.62044
0.62074
0.62085
0.62098
0.62116
0.62145
0.6217
0.62172
0.62178
0.62191
0.62202
0.62218
0.5855
0.62259
0.71011
0.62263
0.6227
0.62275
0.62282
0.62294
0.62302
0.62304
0.62315
0.62334
0.62341
0.62344
0.62366
0.6239
0.62414
0.62414
0.62416
0.62424
0.62433
0.62439
0.62455
0.62455
0.62456
0.62456
0.62457
0.62459
0.62464
0.6247
0.62492
0.62533
0.62536
0.62542
0.62545
0.62552
0.62559
0.87435
0.626
0.62607
0.62638
0.62651
0.62658
0.62662
0.62668
0.62693
0.62715
0.6273
0.62732
0.62732
0.62746
0.62749
0.62754
0.62777
0.62821
0.62825
0.6285
0.62889
0.6289
0.62905
0.62912
0.62936
0.62941
0.62944
0.62945
0.62945
0.62948
0.6295
0.62992
0.18765
0.62994
0.6301
0.63039
0.63047
0.63073
0.63078
0.63085
0.63096
0.63097
0.63099
0.63104
0.63109
0.6312
0.98239
0.63133
0.63153
0.63157
0.63158
0.63162
0.63177
0.6319
0.63193
0.63235
0.63236
0.63241
0.63264
0.63279
0.6329
0.63294
0.63305
0.63315
0.63318
0.63332
0.63342
0.63348
0.63367
0.63391
0.634
0.63409
0.63411
0.63428
0.64557
0.63459
0.63482
0.63486
0.63507
0.63531
0.63534
0.63537
0.63553
0.63567
0.63572
0.63584
0.63584
0.63585
0.63598
0.63611
0.63619
0.6362
0.6363
0.63644
0.63649
0.63653
0.63657
0.63671
0.63682
0.63683
0.63688
0.63692
0.63705
0.63715
0.2164
0.63721
0.63746
0.63752
0.63753
0.63758
0.63766
0.63786
0.63786
0.63789
0.63794
0.638
0.63804
0.63814
0.63821
0.6383
0.6721
0.63848
0.63857
0.63877
0.63881
0.63889
0.63892
0.63893
0.63894
0.63921
0.63926
0.63927
0.63936
0.63945
0.63957
0.63988
0.64007
0.64008
0.64034
0.64044
0.64053
0.64084
0.64093
0.40207
0.18747
0.23388
0.23388
0.64125
0.64132
0.64137
0.64146
0.6417
0.33521
0.64235
0.64243
0.86952
0.64298
0.6431
0.64312
0.64321
0.64329
0.64339
0.64346
0.64353
0.64354
0.64376
0.64377
0.64399
0.64423
0.64425
0.64444
0.64452
0.64462
0.0361
0.71457
0.64485
0.64502
0.64502
0.64502
0.64507
0.64521
0.6453
0.64532
0.64544
0.63441
0.64562
0.64575
0.6458
0.64589
0.64598
0.64617
0.64658
0.64675
0.64684
0.64687
0.64704
0.64704
0.64713
0.64713
0.64724
0.64744
0.64747
0.6475
0.64765
0.64766
0.64781
0.64783
0.64796
0.64813
0.64837
0.64849
0.64857
0.64879
0.64886
0.6489
0.64906
0.64911
0.64926
0.6493
0.64934
0.64936
0.64937
0.64969
0.6502
0.65025
0.65538
0.65036
0.65044
0.47093
0.65062
0.65077
0.65082
0.83882
0.6511
0.65161
0.65164
0.65177
0.65186
0.6519
0.6519
0.48736
0.65202
0.65209
0.65221
0.65225
0.65226
0.65244
0.65253
0.65259
0.65267
0.65268
0.65282
0.65307
0.65315
0.65325
0.65328
0.65328
0.65334
0.6534
0.6534
0.65341
0.65348
0.65366
0.65366
0.6537
0.65377
0.05795
0.65407
0.65425
0.65428
0.65431
0.6545
0.65479
0.40049
0.65515
0.65516
0.65521
0.65522
0.719
0.65542
0.65546
0.65553
0.65563
0.65579
0.65586
0.56852
0.6559
0.65594
0.65597
0.65604
0.88415
0.65637
0.65657
0.65662
0.65682
0.65717
0.65719
0.6572
0.6573
0.65731
0.65771
0.65813
0.65825
0.65831
0.65831
0.65841
0.65853
0.6586
0.65866
0.65872
0.65908
0.65915
0.65943
0.65952
0.6597
0.65979
0.65981
0.65995
0.66015
0.66042
0.66056
0.66057
0.66062
0.77998
0.66069
0.66078
0.66084
0.66096
0.661
0.66118
0.66125
0.66146
0.66147
0.66153
0.66197
0.66235
0.66241
0.66243
0.66253
0.66262
0.66267
0.66267
0.66273
0.66294
0.6631
0.66319
0.66339
0.6634
0.66361
0.66379
0.66424
0.25908
0.66437
0.66441
0.66445
0.66448
0.66465
0.66477
0.66478
0.66481
0.66484
0.6649
0.66511
0.66513
0.66514
0.66516
0.66518
0.66529
0.6653
0.66534
0.66558
0.66562
0.66566
0.66586
0.66593
0.666
0.666
0.6661
0.66617
0.66618
0.66631
0.66632
0.66644
0.66648
0.66659
0.66704
0.66707
0.66708
0.66711
0.66717
0.66718
0.66723
0.6673
0.66751
0.66766
0.66772
0.66776
0.66801
0.66823
0.66841
0.66864
0.66869
0.66881
0.66886
0.66894
0.66908
0.66914
0.74812
0.66923
0.66929
0.66936
0.66954
0.66967
0.66977
0.66987
0.66995
0.66997
0.67033
0.67045
0.67048
0.67055
0.67057
0.67084
0.67094
0.67107
0.67116
0.67126
0.67141
0.67143
0.67145
0.67146
0.67179
0.63841
0.67215
0.6722
0.67226
0.67227
0.67234
0.67256
0.67264
0.67272
0.67276
0.67279
0.67281
0.67292
0.67301
0.67309
0.67318
0.67325
0.67337
0.60297
0.97534
0.67369
0.67373
0.67381
0.67396
0.67404
0.67405
0.67407
0.67412
0.67413
0.67418
0.67429
0.67431
0.6744
0.67458
0.67486
0.675
0.67506
0.67518
0.67526
0.67539
0.67562
0.67568
0.67569
0.67596
0.67614
0.67649
0.67654
0.6766
0.67699
0.67703
0.6771
0.67715
0.67734
0.67736
0.67739
0.67743
0.67751
0.67752
0.67752
0.67791
0.67817
0.67821
0.67824
0.67843
0.67848
0.67873
0.67875
0.67878
0.67883
0.67892
0.67911
0.67915
0.67916
0.67918
0.67922
0.67931
0.67941
0.67942
0.67962
0.67963
0.6798
0.67994
0.68004
0.68011
0.6802
0.6802
0.68023
0.68024
0.68025
0.68048
0.68072
0.68073
0.68087
0.68096
0.68099
0.68101
0.68122
0.39563
0.68145
0.68149
0.6815
0.68168
0.68169
0.68172
0.68188
0.682
0.68219
0.68223
0.68245
0.6826
0.08879
0.68298
0.683
0.68316
0.68322
0.68325
0.68327
0.68332
0.68336
0.68341
0.68342
0.68347
0.68372
0.68379
0.68381
0.68395
0.68403
0.68414
0.68426
0.68432
0.68459
0.68479
0.68482
0.68506
0.68509
0.68512
0.68532
0.68553
0.68553
0.68556
0.68559
0.68581
0.68581
0.68591
0.68595
0.95161
0.95161
0.6864
0.68644
0.68645
0.68647
0.68652
0.68657
0.68657
0.27113
0.68665
0.68694
0.68696
0.68705
0.68706
0.68721
0.68728
0.68736
0.68736
0.68739
0.68743
0.68744
0.68773
0.68773
0.68786
0.68799
0.688
0.68801
0.6881
0.68817
0.68826
0.68829
0.68853
0.68854
0.68854
0.68864
0.68881
0.68891
0.6892
0.68929
0.68957
0.6896
0.68963
0.68971
0.68974
0.68996
0.68998
0.68998
0.68998
0.69
0.81129
0.69044
0.69055
0.6906
0.2459
0.01423
0.69093
0.69097
0.69111
0.69127
0.69134
0.69139
0.69147
0.69148
0.69149
0.56079
0.69185
0.69188
0.69204
0.69213
0.69241
0.69253
0.69256
0.69263
0.69281
0.69285
0.693
0.69306
0.97889
0.69327
0.69333
0.69337
0.69361
0.69361
0.69377
0.6938
0.69382
0.69389
0.6939
0.69395
0.69407
0.69411
0.69412
0.69414
0.69428
0.69485
0.69487
0.69492
0.69516
0.69529
0.6954
0.69563
0.6959
0.69593
0.69597
0.69599
0.69603
0.69611
0.69626
0.69639
0.6966
0.69663
0.69669
0.69673
0.69696
0.69722
0.69737
0.69739
0.69745
0.86392
0.69756
0.69782
0.30687
0.69791
0.69799
0.69814
0.69833
0.69838
0.69855
0.69859
0.69863
0.69878
0.69882
0.69882
0.69884
0.69886
0.69933
0.69935
0.6994
0.69946
0.69955
0.69962
0.69964
0.69977
0.69981
0.69983
0.70019
0.70028
0.70035
0.70039
0.70045
0.70058
0.70067
0.7008
0.70094
0.70096
0.70112
0.70156
0.70172
0.70179
0.70181
0.70194
0.70196
0.70235
0.7025
0.7027
0.7028
0.7028
0.70282
0.70291
0.70318
0.70322
0.70354
0.70359
0.70361
0.70365
0.70369
0.70382
0.70384
0.70433
0.70446
0.70449
0.70452
0.70453
0.70456
0.70456
0.34408
0.34408
0.70472
0.70484
0.70499
0.70514
0.70523
0.70528
0.70532
0.70532
0.70548
0.70557
0.70559
0.70576
0.70622
0.27062
0.70631
0.70637
0.70667
0.70667
0.06189
0.04369
0.70704
0.70712
0.70721
0.70724
0.70736
0.70738
0.70751
0.70759
0.70767
0.70767
0.7077
0.70783
0.70788
0.7081
0.70857
0.70865
0.70873
0.70885
0.70887
0.70893
0.70894
0.70932
0.70932
0.70934
0.7094
0.70964
0.03636
0.6226
0.7102
0.71027
0.7104
0.71044
0.71047
0.71057
0.7106
0.7108
0.71084
0.71099
0.71106
0.71107
0.71126
0.71134
0.71159
0.71175
0.71188
0.71201
0.71208
0.0974
0.71221
0.7125
0.71251
0.71257
0.71293
0.713
0.71306
0.71324
0.71325
0.71338
0.71341
0.71355
0.71368
0.71377
0.71389
0.71404
0.7141
0.71416
0.71424
0.71428
0.7145
0.64478
0.71459
0.71464
0.71467
0.71479
0.7149
0.71494
0.71497
0.71506
0.71512
0.71523
0.71524
0.71526
0.71529
0.71538
0.71539
0.71553
0.71559
0.71563
0.71564
0.71565
0.7159
0.71644
0.71644
0.71657
0.71666
0.7167
0.7168
0.7168
0.71681
0.71693
0.71699
0.71707
0.71708
0.71715
0.71717
0.71745
0.71748
0.71761
0.71769
0.71786
0.71794
0.71805
0.71811
0.71811
0.71814
0.71831
0.71846
0.71853
0.71872
0.7189
0.65034
0.71904
0.7191
0.71925
0.71964
0.71967
0.71977
0.71981
0.71995
0.71997
0.72003
0.72007
0.7201
0.72024
0.7203
0.72031
0.72034
0.7204
0.72048
0.72062
0.72082
0.72087
0.72103
0.72126
0.72152
0.72154
0.99576
0.72163
0.72166
0.18253
0.72191
0.72198
0.72218
0.72236
0.72239
0.72251
0.72258
0.55684
0.7231
0.72317
0.72334
0.72336
0.72366
0.72381
0.72387
0.72396
0.72404
0.7241
0.7242
0.72421
0.72423
0.72445
0.72445
0.7245
0.72456
0.42519
0.72474
0.73281
0.46182
0.72495
0.72496
0.72498
0.72505
0.72526
0.72529
0.72536
0.72551
0.72572
0.72573
0.72577
0.72582
0.72597
0.72612
0.72615
0.72615
0.72638
0.7264
0.72641
0.72647
0.7265
0.72678
0.72685
0.72687
0.72688
0.72694
0.72702
0.72724
0.72732
0.72743
0.72759
0.728
0.72848
0.72858
0.72893
0.72898
0.72899
0.72913
0.72916
0.03775
0.72922
0.7293
0.7293
0.72981
0.72991
0.73005
0.7302
0.7303
0.7304
0.73045
0.73053
0.73081
0.73086
0.73087
0.73093
0.73101
0.73114
0.73121
0.73139
0.73142
0.73149
0.73161
0.7317
0.73174
0.73175
0.73177
0.73181
0.73187
0.73201
0.73231
0.73242
0.73258
0.73266
0.73267
0.83013
0.7329
0.7334
0.7335
0.73357
0.73357
0.73359
0.73369
0.73385
0.73394
0.734
0.73443
0.73445
0.73448
0.73449
0.73451
0.73477
0.7348
0.73491
0.73492
0.73501
0.73509
0.73513
0.7352
0.7352
0.73535
0.73536
0.73538
0.73541
0.73575
0.7359
0.73595
0.88812
0.73621
0.73629
0.73655
0.7366
0.73661
0.73673
0.73705
0.73711
0.7372
0.7373
0.73739
0.73741
0.73748
0.73752
0.73753
0.73776
0.91953
0.73784
0.73786
0.73806
0.73812
0.73826
0.73848
0.7385
0.7385
0.73859
0.73861
0.73886
0.73898
0.73899
0.46483
0.73917
0.73931
0.73942
0.73943
0.73963
0.7397
0.73972
0.73975
0.73999
0.7401
0.74025
0.74052
0.74063
0.74065
0.74079
0.7408
0.74087
0.74088
0.7409
0.74099
0.74105
0.74109
0.74111
0.74116
0.74116
0.7412
0.74124
0.74135
0.7414
0.74153
0.74176
0.74177
0.74236
0.74252
0.74255
0.74281
0.74289
0.74294
0.74298
0.74304
0.74309
0.79911
0.74335
0.74336
0.7434
0.74345
0.74346
0.74365
0.7437
0.74374
0.74381
0.74399
0.74403
0.74409
0.74422
0.74424
0.57533
0.74454
0.74456
0.74457
0.74485
0.74492
0.74493
0.74495
0.74495
0.74496
0.74496
0.74506
0.83652
0.74535
0.43052
0.74538
0.74541
0.74582
0.7459
0.74596
0.74609
0.7461
0.74615
0.74619
0.74628
0.74638
0.74645
0.74687
0.74688
0.74697
0.74698
0.74721
0.74746
0.74756
0.74763
0.74766
0.74772
0.66917
0.74813
0.74818
0.74829
0.7483
0.74839
0.74856
0.74874
0.74878
0.74894
0.74916
0.74929
0.7494
0.74943
0.74948
0.74949
0.74954
0.74967
0.3811
0.74973
0.7498
0.75011
0.75015
0.06002
0.75029
0.75032
0.75036
0.7504
0.76623
0.75059
0.75067
0.75075
0.75085
0.75086
0.75093
0.751
0.75103
0.75105
0.75157
0.75182
0.75185
0.75186
0.752
0.7522
0.75228
0.75255
0.75261
0.75265
0.75271
0.75273
0.75304
0.75309
0.75316
0.75329
0.75348
0.75353
0.75367
0.75368
0.75384
0.75385
0.75416
0.75416
0.75421
0.75443
0.75447
0.75482
0.75485
0.75493
0.75515
0.75516
0.75523
0.27391
0.75573
0.75607
0.75612
0.75613
0.75617
0.75632
0.75636
0.75667
0.75691
0.75698
0.75698
0.75705
0.75705
0.75712
0.75717
0.75725
0.75725
0.5657
0.7574
0.75756
0.75762
0.75772
0.75795
0.75795
0.75798
0.75803
0.49905
0.3886
0.75813
0.75832
0.75843
0.75845
0.75867
0.75867
0.75872
0.75875
0.13831
0.75883
0.75892
0.75914
0.75914
0.7592
0.75923
0.75935
0.75957
0.75968
0.75968
0.75971
0.75973
0.7598
0.75981
0.75996
0.76018
0.7603
0.76037
0.76038
0.7605
0.76053
0.7607
0.76084
0.76094
0.76096
0.76104
0.76116
0.76117
0.7613
0.76132
0.76141
0.76146
0.76151
0.76154
0.76156
0.95357
0.95357
0.76168
0.76195
0.76199
0.76201
0.76203
0.76206
0.76208
0.76231
0.76261
0.76283
0.76285
0.76292
0.763
0.54004
0.76304
0.76305
0.7631
0.76314
0.76321
0.76334
0.76334
0.76334
0.76343
0.20322
0.7637
0.7638
0.764
0.76405
0.76405
0.76424
0.76426
0.76428
0.76444
0.76452
0.76458
0.76462
0.76477
0.76483
0.76492
0.76497
0.765
0.76508
0.76528
0.76536
0.76541
0.76544
0.76584
0.76586
0.7659
0.76591
0.76594
0.7661
0.75046
0.76627
0.7663
0.76643
0.76657
0.76681
0.76693
0.76693
0.76702
0.76725
0.76727
0.76736
0.76742
0.76742
0.76767
0.76781
0.76792
0.76801
0.7681
0.76811
0.76812
0.76828
0.76849
0.76857
0.76877
0.76903
0.76904
0.97644
0.76922
0.76924
0.76942
0.96824
0.76959
0.7696
0.76992
0.76995
0.76997
0.77005
0.77028
0.77031
0.77041
0.77047
0.77085
0.77087
0.77088
0.77091
0.77096
0.77099
0.77101
0.77115
0.77142
0.77149
0.77152
0.77173
0.9367
0.77224
0.77229
0.77239
0.77242
0.77248
0.77258
0.77263
0.77268
0.77277
0.77288
0.7729
0.77291
0.77298
0.77306
0.77325
0.77332
0.77341
0.77345
0.77356
0.79904
0.77396
0.77397
0.774
0.77419
0.77423
0.77424
0.77445
0.7746
0.77473
0.77477
0.7748
0.77485
0.77508
0.77508
0.15484
0.77522
0.77524
0.7754
0.77543
0.77544
0.77552
0.77553
0.77564
0.77567
0.77571
0.776
0.77601
0.77605
0.77616
0.77629
0.77629
0.7768
0.37884
0.77724
0.77734
0.77752
0.92755
0.77785
0.77805
0.77809
0.77811
0.77816
0.77824
0.77829
0.77857
0.77858
0.77861
0.77872
0.77876
0.77909
0.77934
0.77953
0.77968
0.77975
0.7798
0.77981
0.77987
0.77988
0.77995
0.66067
0.78008
0.78025
0.78036
0.78044
0.78049
0.78051
0.78054
0.78055
0.7808
0.78089
0.7809
0.78094
0.78096
0.78105
0.78109
0.7811
0.78116
0.78117
0.78119
0.78123
0.78134
0.7814
0.7814
0.78149
0.78161
0.7818
0.78209
0.78213
0.78252
0.7826
0.78263
0.78266
0.78291
0.78297
0.78301
0.78316
0.78318
0.78347
0.78349
0.78359
0.7836
0.78381
0.78387
0.78399
0.78412
0.78415
0.78421
0.78423
0.78439
0.78445
0.78451
0.78452
0.78474
0.78488
0.78488
0.78505
0.78528
0.78529
0.78556
0.78559
0.78562
0.78566
0.78574
0.20459
0.28416
0.78582
0.78588
0.786
0.78607
0.78621
0.78626
0.78644
0.78658
0.78659
0.78673
0.78678
0.78681
0.78691
0.78696
0.7871
0.78717
0.89409
0.89409
0.78724
0.78725
0.78725
0.78748
0.78755
0.78759
0.78762
0.78763
0.78779
0.78779
0.78782
0.78783
0.78787
0.788
0.25775
0.78845
0.13418
0.78884
0.78887
0.78898
0.78912
0.78914
0.78921
0.7893
0.78936
0.78969
0.78972
0.78978
0.7898
0.78988
0.78995
0.79005
0.79007
0.79008
0.79013
0.79017
0.7902
0.79025
0.7904
0.79043
0.79047
0.7905
0.79051
0.79064
0.79065
0.79065
0.79067
0.7909
0.79095
0.79097
0.15564
0.79132
0.79142
0.79158
0.7917
0.79172
0.79191
0.79194
0.792
0.79202
0.79203
0.79204
0.79209
0.79252
0.79253
0.79265
0.79265
0.79284
0.79286
0.79292
0.79292
0.79299
0.79306
0.7931
0.79311
0.79322
0.79335
0.79341
0.79357
0.79361
0.79377
0.79381
0.79383
0.79389
0.79397
0.79409
0.79421
0.79423
0.79437
0.79465
0.79471
0.79473
0.79475
0.79475
0.79489
0.7949
0.79496
0.79497
0.79499
0.79501
0.79528
0.7953
0.79537
0.79556
0.79573
0.7959
0.79604
0.79631
0.79649
0.79665
0.79693
0.79707
0.79714
0.79724
0.79728
0.79737
0.7977
0.79779
0.79781
0.79782
0.79795
0.79815
0.79822
0.79838
0.79842
0.79858
0.79867
0.79888
0.79895
0.79903
0.28942
0.74321
0.79918
0.79924
0.79938
0.79957
0.79962
0.7998
0.79984
0.79988
0.79994
0.79994
0.79997
0.8
0.80012
0.80017
0.80017
0.80044
0.39623
0.39623
0.80059
0.80061
0.80077
0.80087
0.80093
0.80103
0.80109
0.80111
0.80124
0.80127
0.8013
0.80132
0.80139
0.80139
0.80142
0.80181
0.80214
0.80223
0.80231
0.80236
0.80238
0.80246
0.80249
0.80262
0.80293
0.80295
0.80296
0.80302
0.80305
0.80313
0.80321
0.80331
0.80345
0.8035
0.80355
0.80364
0.80372
0.80422
0.80431
0.80437
0.80441
0.8045
0.22135
0.87645
0.80486
0.8052
0.80522
0.80526
0.80529
0.80543
0.80544
0.80547
0.80553
0.13491
0.80556
0.806
0.80605
0.80607
0.80609
0.80628
0.80634
0.80638
0.80647
0.80653
0.8066
0.80665
0.80668
0.80678
0.80681
0.99176
0.8069
0.80692
0.80708
0.54553
0.80728
0.80728
0.80728
0.80741
0.80752
0.80772
0.80777
0.80806
0.80824
0.80844
0.80845
0.80858
0.80892
0.80907
0.80908
0.80924
0.80937
0.23744
0.80947
0.80965
0.80993
0.80998
0.81007
0.8101
0.81015
0.81021
0.81036
0.81065
0.81086
0.81088
0.81089
0.81097
0.35784
0.97139
0.81128
0.69042
0.81145
0.8116
0.81161
0.81166
0.81167
0.78577
0.81216
0.81227
0.81238
0.81247
0.81251
0.81261
0.81272
0.91151
0.81292
0.81294
0.81303
0.81311
0.81327
0.8133
0.81364
0.81371
0.81371
0.81385
0.81385
0.81392
0.81398
0.814
0.81409
0.81428
0.81431
0.81432
0.81435
0.81448
0.8145
0.81451
0.8146
0.81474
0.81479
0.81481
0.81495
0.31359
0.81556
0.81558
0.95067
0.81565
0.81577
0.81577
0.81584
0.81595
0.81608
0.81615
0.81617
0.81636
0.21159
0.81662
0.81664
0.81665
0.81668
0.81669
0.81684
0.81705
0.8172
0.81767
0.81776
0.8178
0.81785
0.81794
0.818
0.818
0.81812
0.81838
0.81853
0.42808
0.81879
0.81884
0.04378
0.81903
0.81904
0.91985
0.91985
0.81916
0.81927
0.81943
0.81946
0.81948
0.81956
0.81966
0.81992
0.81992
0.82016
0.82022
0.82023
0.19048
0.82032
0.8204
0.8205
0.82053
0.82056
0.82071
0.82085
0.8212
0.82122
0.82127
0.82128
0.8213
0.82131
0.82132
0.82136
0.82137
0.82156
0.8216
0.82171
0.82179
0.82187
0.82199
0.82208
0.82222
0.82225
0.82234
0.82244
0.82245
0.82677
0.20319
0.82271
0.82281
0.8229
0.82294
0.823
0.82305
0.82306
0.82327
0.82333
0.82348
0.82363
0.82364
0.8237
0.82376
0.8239
0.824
0.82406
0.8242
0.82422
0.82447
0.82447
0.82449
0.82451
0.82471
0.82478
0.8248
0.8248
0.82483
0.82519
0.30304
0.98401
0.82565
0.82582
0.82591
0.82591
0.82595
0.82618
0.82621
0.82636
0.82638
0.82649
0.82651
0.82661
0.82662
0.82671
0.82249
0.82679
0.82688
0.82701
0.82713
0.82725
0.82727
0.8273
0.8275
0.82755
0.82762
0.82765
0.82787
0.8279
0.82796
0.82797
0.82806
0.82808
0.82818
0.82824
0.82826
0.8284
0.82856
0.8286
0.82883
0.82888
0.82894
0.82906
0.82915
0.82941
0.82952
0.82952
0.82959
0.82968
0.82976
0.82985
0.58575
0.82994
0.83008
0.72477
0.72477
0.83036
0.8304
0.83055
0.8307
0.83078
0.83095
0.83124
0.83124
0.83126
0.83159
0.83165
0.83234
0.83239
0.83246
0.83255
0.83279
0.83289
0.83295
0.83302
0.83328
0.83338
0.83343
0.83345
0.83362
0.83404
0.83408
0.83443
0.8345
0.83451
0.83462
0.83468
0.83469
0.83471
0.8348
0.83492
0.83503
0.83531
0.8354
0.83568
0.83589
0.26678
0.83603
0.83622
0.7451
0.8366
0.8367
0.83674
0.83679
0.8369
0.83699
0.57422
0.83711
0.83714
0.83715
0.83719
0.83729
0.83734
0.83781
0.8379
0.83792
0.83797
0.83803
0.83812
0.83814
0.83819
0.83824
0.83825
0.8383
0.83848
0.83853
0.83869
0.8387
0.83881
0.65096
0.83886
0.83895
0.86693
0.83922
0.83929
0.83945
0.83951
0.83962
0.83962
0.83962
0.83969
0.83971
0.83972
0.83974
0.83982
0.83994
0.83995
0.84022
0.84028
0.84035
0.8407
0.84071
0.84078
0.8408
0.84097
0.84111
0.84114
0.8413
0.84132
0.84135
0.84165
0.8417
0.8418
0.84182
0.84207
0.84222
0.84241
0.84243
0.84245
0.84258
0.84263
0.84268
0.84284
0.84286
0.84296
0.843
0.84302
0.84344
0.84344
0.84344
0.84348
0.84397
0.84409
0.8441
0.84428
0.84437
0.84444
0.84454
0.84455
0.84463
0.84468
0.84496
0.84499
0.84511
0.84513
0.84517
0.84518
0.8452
0.84529
0.84529
0.84536
0.84541
0.84569
0.84574
0.84575
0.84575
0.84583
0.84602
0.53055
0.84622
0.84626
0.84635
0.84639
0.84639
0.84651
0.84657
0.8466
0.84669
0.84679
0.84682
0.84699
0.84702
0.8471
0.84717
0.84719
0.84721
0.84777
0.84781
0.84781
0.27635
0.27635
0.84822
0.84827
0.84828
0.84843
0.84843
0.84848
0.84848
0.84849
0.84854
0.84867
0.84886
0.84906
0.84925
0.84934
0.84938
0.84947
0.84947
0.84952
0.42517
0.84986
0.01711
0.85002
0.85013
0.28899
0.28899
0.85046
0.8505
0.85051
0.85055
0.85059
0.85064
0.8508
0.85083
0.85092
0.85094
0.85115
0.85129
0.8513
0.85143
0.85159
0.85175
0.85178
0.85193
0.8521
0.85246
0.9222
0.85258
0.8528
0.85281
0.85295
0.85307
0.85352
0.85358
0.85386
0.85393
0.85398
0.85405
0.85418
0.4428
0.85454
0.85455
0.85459
0.85472
0.85474
0.85479
0.85494
0.85507
0.85508
0.85512
0.85539
0.85561
0.85572
0.8558
0.85593
0.85595
0.85601
0.85629
0.85658
0.85662
0.85664
0.85665
0.85667
0.85703
0.85703
0.85704
0.85707
0.85708
0.85729
0.8573
0.8575
0.85759
0.85778
0.85803
0.85815
0.85816
0.85818
0.85825
0.52673
0.85865
0.85866
0.85869
0.85898
0.85908
0.8592
0.85927
0.8593
0.85932
0.23675
0.85953
0.85956
0.85959
0.85965
0.85966
0.85971
0.85972
0.85982
0.85991
0.86001
0.86004
0.86008
0.86023
0.86028
0.86044
0.86058
0.86059
0.29863
0.86082
0.86091
0.86093
0.861
0.8612
0.86127
0.86135
0.86135
0.86136
0.86147
0.86149
0.86166
0.86168
0.86169
0.8618
0.86186
0.86192
0.86215
0.86239
0.86242
0.86251
0.86258
0.8626
0.8629
0.86303
0.86305
0.86324
0.86328
0.86345
0.86346
0.86359
0.86363
0.86365
0.86366
0.86368
0.86375
0.86377
0.86382
0.86384
0.69747
0.86393
0.86429
0.86431
0.86432
0.86444
0.86452
0.86453
0.86461
0.86461
0.86498
0.865
0.86531
0.8654
0.86555
0.86574
0.86574
0.86577
0.86579
0.86584
0.86586
0.86617
0.86645
0.42834
0.86666
0.86677
0.83914
0.86696
0.86699
0.86746
0.86746
0.86769
0.86777
0.86787
0.86788
0.86794
0.86794
0.86795
0.86797
0.86808
0.86826
0.86828
0.86847
0.86853
0.86862
0.86867
0.86898
0.86906
0.86932
0.86932
0.86937
0.64244
0.8696
0.86963
0.86964
0.8699
0.86993
0.86998
0.87003
0.87029
0.87031
0.87033
0.87095
0.87104
0.87121
0.87136
0.87138
0.87143
0.8718
0.87213
0.87213
0.87214
0.87214
0.87231
0.87241
0.87243
0.8726
0.87271
0.87277
0.87277
0.87279
0.87285
0.87299
0.87304
0.87311
0.87336
0.87345
0.87348
0.87378
0.87379
0.87386
0.87394
0.87404
0.87421
0.87422
0.87428
0.62585
0.87438
0.87439
0.87461
0.87465
0.875
0.87511
0.87516
0.87523
0.87546
0.87553
0.87578
0.87578
0.87582
0.87585
0.87631
0.80479
0.87688
0.87715
0.87722
0.87725
0.87727
0.87732
0.47704
0.87741
0.87743
0.87743
0.87748
0.87755
0.87763
0.87773
0.87777
0.87787
0.87787
0.87797
0.87815
0.87825
0.87828
0.87839
0.87884
0.87894
0.87895
0.87901
0.87902
0.48783
0.48783
0.87906
0.87925
0.87927
0.87931
0.87964
0.87964
0.87968
0.87975
0.87976
0.87976
0.87986
0.88009
0.88025
0.88029
0.02168
0.88045
0.88057
0.88059
0.88086
0.88097
0.88123
0.88146
0.88149
0.88162
0.88162
0.88171
0.88188
0.88194
0.88217
0.88222
0.88227
0.88257
0.88285
0.88293
0.88301
0.88301
0.88306
0.88329
0.88343
0.88353
0.88361
0.88365
0.88366
0.88366
0.88375
0.88384
0.88395
0.88401
0.65618
0.88418
0.88425
0.88429
0.88431
0.88431
0.88432
0.88434
0.88434
0.88463
0.88472
0.88472
0.88483
0.88523
0.88533
0.88541
0.88564
0.88578
0.88603
0.59275
0.88606
0.8864
0.88666
0.8867
0.88684
0.88693
0.88699
0.88743
0.88755
0.88762
0.88769
0.88776
0.88782
0.88786
0.88787
0.888
0.88803
0.88806
0.88808
0.73606
0.88823
0.88844
0.88855
0.88863
0.88873
0.88877
0.88897
0.88901
0.88907
0.88908
0.88919
0.88934
0.88936
0.88942
0.88943
0.88944
0.88945
0.88952
0.88955
0.88965
0.88968
0.89002
0.89004
0.8902
0.89023
0.89033
0.89034
0.89042
0.89051
0.89063
0.89081
0.89088
0.8909
0.89104
0.89119
0.89124
0.89128
0.89134
0.89163
0.89165
0.89198
0.89204
0.89209
0.89213
0.89214
0.89239
0.89245
0.89252
0.89258
0.89286
0.89295
0.89297
0.89309
0.89323
0.89325
0.89325
0.89332
0.89362
0.89364
0.89365
0.89371
0.89385
0.89404
0.78723
0.89422
0.89426
0.89427
0.89428
0.89438
0.3353
0.89456
0.89466
0.8947
0.89483
0.89491
0.05808
0.89503
0.89523
0.89527
0.8953
0.8954
0.89552
0.89594
0.896
0.89618
0.89641
0.89642
0.89655
0.89666
0.89678
0.89689
0.10235
0.89712
0.89725
0.89731
0.89731
0.89732
0.89748
0.89759
0.25533
0.89805
0.89807
0.89808
0.89879
0.8991
0.89936
0.89945
0.12245
0.12245
0.8995
0.8996
0.89978
0.89983
0.90036
0.90037
0.90039
0.90044
0.90049
0.90054
0.9006
0.90071
0.90072
0.90075
0.9009
0.90096
0.90098
0.90099
0.90126
0.90127
0.90142
0.90146
0.90146
0.90149
0.90155
0.90161
0.90167
0.90168
0.90206
0.90225
0.90226
0.90252
0.90258
0.97709
0.90278
0.90279
0.90284
0.90285
0.90293
0.90295
0.90338
0.90345
0.90352
0.90353
0.90358
0.90374
0.90384
0.90388
0.90398
0.90405
0.90424
0.90428
0.90439
0.90454
0.90458
0.90476
0.90536
0.90545
0.90554
0.90556
0.90561
0.90567
0.9057
0.90575
0.9058
0.90592
0.90597
0.90602
0.90605
0.90608
0.90611
0.90611
0.90623
0.90625
0.90635
0.90649
0.90664
0.90677
0.90679
0.90682
0.90685
0.90686
0.90701
0.90707
0.9071
0.90715
0.90733
0.90734
0.90747
0.90758
0.90805
0.90814
0.90824
0.90827
0.9083
0.90842
0.90843
0.90861
0.90865
0.90865
0.9088
0.90884
0.90906
0.90917
0.90933
0.90934
0.90942
0.90944
0.9095
0.90951
0.90959
0.90964
0.9098
0.90988
0.9099
0.91015
0.91033
0.91035
0.91041
0.91079
0.91084
0.91087
0.91105
0.91118
0.91119
0.9112
0.91122
0.91122
0.81291
0.91163
0.91168
0.1006
0.91173
0.91186
0.91205
0.91206
0.91206
0.91209
0.91211
0.91216
0.91218
0.91223
0.91236
0.91241
0.91248
0.91267
0.91293
0.91301
0.91306
0.9133
0.59949
0.91339
0.64464
0.91341
0.91358
0.91359
0.91371
0.91379
0.9138
0.91389
0.91415
0.91416
0.91425
0.91428
0.91429
0.91431
0.91465
0.91469
0.91475
0.91479
0.91482
0.91488
0.91488
0.915
0.915
0.91516
0.91517
0.91518
0.91524
0.91547
0.9156
0.91567
0.9157
0.91604
0.91604
0.91658
0.91665
0.91673
0.9168
0.917
0.91701
0.91705
0.91708
0.91752
0.05824
0.91764
0.51763
0.91813
0.91816
0.9183
0.91837
0.91844
0.91851
0.91865
0.91896
0.91906
0.9191
0.91913
0.91916
0.91918
0.91935
0.91936
0.9195
0.73779
0.91955
0.91966
0.91974
0.91977
0.81909
0.70671
0.92039
0.92041
0.92045
0.92055
0.92064
0.92068
0.92087
0.92099
0.921
0.92102
0.92115
0.92122
0.9213
0.92157
0.92166
0.9217
0.92187
0.92192
0.92197
0.92211
0.92219
0.85255
0.92224
0.92235
0.92239
0.92272
0.92279
0.92281
0.92289
0.92291
0.02028
0.92327
0.92334
0.9235
0.92364
0.92371
0.92372
0.92407
0.92416
0.92438
0.92459
0.92462
0.92474
0.92478
0.92487
0.08391
0.925
0.92513
0.92515
0.92515
0.92538
0.92541
0.92559
0.92568
0.9257
0.92575
0.92598
0.92623
0.92654
0.92682
0.92683
0.92707
0.92727
0.9274
0.77762
0.92757
0.9276
0.92763
0.92774
0.92782
0.92795
0.92808
0.92809
0.92814
0.92824
0.92835
0.92842
0.92867
0.92899
0.92903
0.92909
0.92914
0.92917
0.92929
0.92966
0.92967
0.92969
0.9297
0.92971
0.92981
0.92986
0.92988
0.92989
0.92997
0.92997
0.96135
0.96135
0.93016
0.93034
0.55655
0.93067
0.93069
0.93082
0.93089
0.93105
0.93122
0.93145
0.93148
0.93159
0.93181
0.93198
0.93216
0.93245
0.93253
0.93255
0.93275
0.93309
0.93314
0.93323
0.09258
0.09258
0.93331
0.93349
0.93352
0.93359
0.9336
0.93377
0.93378
0.93395
0.93396
0.93397
0.93402
0.93403
0.93405
0.93413
0.9342
0.93435
0.93435
0.93438
0.93438
0.93453
0.93457
0.93466
0.93471
0.93477
0.93493
0.93508
0.93511
0.93526
0.93528
0.93529
0.93533
0.93534
0.93538
0.93546
0.93556
0.93573
0.93601
0.93628
0.93641
0.77185
0.93681
0.93685
0.9369
0.93692
0.93715
0.93725
0.93741
0.93745
0.93747
0.93751
0.93763
0.93767
0.93781
0.93784
0.93803
0.93819
0.93822
0.93823
0.93824
0.93854
0.93855
0.93861
0.93864
0.93881
0.93913
0.93916
0.93924
0.93926
0.93934
0.93945
0.9793
0.93956
0.93956
0.9396
0.93981
0.93988
0.94005
0.94017
0.9402
0.94037
0.94037
0.94045
0.94046
0.9405
0.94073
0.94073
0.94074
0.94081
0.94098
0.94104
0.94109
0.94121
0.94127
0.94191
0.94198
0.94204
0.94209
0.9421
0.9421
0.94211
0.94212
0.94212
0.94223
0.9424
0.94268
0.94288
0.94306
0.94309
0.94334
0.94336
0.94336
0.94357
0.94398
0.94408
0.94414
0.94418
0.94419
0.94424
0.94427
0.94461
0.94478
0.9449
0.94504
0.94517
0.94525
0.94534
0.94538
0.94539
0.9454
0.94548
0.94549
0.94563
0.94565
0.94566
0.94571
0.94581
0.94581
0.946
0.94643
0.94667
0.94684
0.94687
0.94708
0.94748
0.9475
0.94753
0.9478
0.94781
0.94788
0.94801
0.94804
0.94816
0.94836
0.94837
0.94843
0.94853
0.94875
0.94889
0.9489
0.94894
0.94899
0.94919
0.94923
0.94927
0.94933
0.94935
0.94942
0.94945
0.94945
0.05899
0.94952
0.94958
0.94971
0.94978
0.94991
0.95
0.95004
0.95006
0.95031
0.95037
0.81562
0.95077
0.95095
0.95099
0.95102
0.95128
0.9513
0.95135
0.95139
0.95155
0.95159
0.68596
0.9518
0.95188
0.95211
0.95232
0.95235
0.95237
0.9524
0.95257
0.95262
0.95267
0.95301
0.95316
0.95347
0.95348
0.95353
0.76165
0.95365
0.95372
0.95376
0.95395
0.95398
0.95402
0.95446
0.95503
0.95513
0.95521
0.95528
0.9553
0.95537
0.95552
0.95556
0.95566
0.95568
0.95573
0.9558
0.95586
0.95588
0.95588
0.95596
0.95603
0.95614
0.95624
0.95628
0.95649
0.95651
0.95688
0.95711
0.95712
0.95745
0.95751
0.95758
0.95761
0.95773
0.95794
0.95795
0.95803
0.95805
0.95807
0.95809
0.9581
0.95814
0.95825
0.95832
0.95867
0.95883
0.95885
0.95907
0.95912
0.95923
0.95923
0.95933
0.95935
0.95946
0.95947
0.95964
0.95965
0.95968
0.95969
0.35468
0.35468
0.95977
0.9598
0.95993
0.96003
0.96003
0.96005
0.9603
0.96033
0.96055
0.96058
0.96067
0.96075
0.96076
0.96084
0.96098
0.20412
0.96108
0.96131
0.09816
0.9614
0.96147
0.96169
0.9618
0.96181
0.96214
0.96217
0.96218
0.96219
0.96226
0.96231
0.96257
0.96258
0.96309
0.96314
0.96322
0.96349
0.96382
0.96387
0.01928
0.96406
0.96427
0.9644
0.9646
0.96465
0.96466
0.96471
0.96477
0.96501
0.96503
0.96509
0.96546
0.96557
0.9657
0.96598
0.96608
0.96609
0.96611
0.96614
0.96614
0.96657
0.96667
0.9667
0.96677
0.96689
0.96718
0.96725
0.9675
0.96779
0.96784
0.27081
0.968
0.03771
0.96828
0.96858
0.96888
0.96892
0.969
0.96908
0.96924
0.96942
0.96947
0.9695
0.96952
0.96954
0.96963
0.96971
0.96997
0.9701
0.97011
0.97021
0.97024
0.97036
0.97037
0.97045
0.97075
0.97081
0.97082
0.97085
0.97088
0.97096
0.81102
0.97164
0.97176
0.97181
0.97185
0.97194
0.97202
0.97205
0.97207
0.97218
0.97219
0.97221
0.97227
0.97247
0.97249
0.97249
0.9725
0.97251
0.97256
0.97257
0.97263
0.97266
0.97281
0.97304
0.97305
0.97315
0.39481
0.97347
0.97361
0.18563
0.97376
0.9739
0.97391
0.9742
0.97431
0.97439
0.97458
0.97463
0.97465
0.97473
0.97492
0.97531
0.67352
0.97543
0.97551
0.97555
0.97558
0.97568
0.97571
0.97597
0.9761
0.97613
0.97641
0.76909
0.97649
0.97656
0.97661
0.97671
0.97692
0.2931
0.90265
0.90265
0.97723
0.97727
0.97731
0.97768
0.97778
0.97788
0.9779
0.97792
0.97796
0.97813
0.97815
0.97817
0.97818
0.97819
0.97834
0.97856
0.97862
0.97865
0.97875
0.69317
0.97892
0.97893
0.97895
0.97904
0.93947
0.97938
0.97955
0.97975
0.9798
0.97984
0.97991
0.97993
0.98
0.98006
0.98006
0.9801
0.98051
0.98097
0.98101
0.98109
0.9811
0.17423
0.98135
0.98141
0.08264
0.48918
0.98225
0.98228
0.98228
0.98235
0.98235
0.63124
0.98253
0.98273
0.98274
0.98279
0.98292
0.9831
0.98323
0.98377
0.98379
0.82561
0.82561
0.98426
0.98442
0.98447
0.98476
0.43749
0.98496
0.98524
0.98526
0.98532
0.9854
0.98557
0.98573
0.98575
0.98595
0.986
0.98601
0.98631
0.98649
0.98655
0.9866
0.98685
0.98686
0.98698
0.98702
0.98707
0.9871
0.98714
0.98717
0.98725
0.98737
0.98741
0.9878
0.9879
0.24081
0.98819
0.98821
0.98823
0.98843
0.9885
0.9885
0.98859
0.98865
0.98874
0.98877
0.98904
0.98913
0.76358
0.98918
0.9892
0.98925
0.98929
0.98936
0.98938
0.98938
0.98939
0.98953
0.98968
0.98983
0.99003
0.9901
0.99022
0.99029
0.99032
0.99045
0.99047
0.99054
0.9906
0.99079
0.99087
0.99087
0.99127
0.99134
0.99139
0.99142
0.99146
0.04526
0.04526
0.80688
0.99179
0.99184
0.9921
0.9921
0.99216
0.99221
0.99263
0.99312
0.99316
0.99331
0.99331
0.99331
0.99375
0.9938
0.43316
0.99391
0.99393
0.99397
0.99403
0.99404
0.99405
0.99408
0.99417
0.99429
0.99436
0.99456
0.99468
0.9947
0.99474
0.99475
0.99477
0.99479
0.99482
0.99496
0.995
0.99506
0.99526
0.33974
0.99567
0.99573
0.99575
0.72158
0.99581
0.99583
0.99614
0.99614
0.99652
0.99667
0.99684
0.99685
0.9969
0.99691
0.99692
0.99699
0.99701
0.99711
0.99748
0.99749
0.99757
0.99767
0.99769
0.9977
0.99776
0.9978
0.99796
0.99798
0.9982
0.99823
0.99826
0.99843
0.99847
0.9985
0.99857
0.99863
0.99865
0.99865
0.99877
0.9988
0.99884
0.99884
0.99891
0.99901
0.99901
0.99921
0.99934
0.99939
0.9995
0.99958
0.9996
0.99984
0.99993
0.99999
