0.00138
0.00156
0.00188
0.00209
0.00243
0.00296
0.00302
0.00324
0.00415
0.0045
0.0063
0.00676
0.90691
0.00737
0.0078
0.00832
0.00846
0.00873
0.00979
0.00989
0.01015
0.01036
0.01053
0.01095
0.44908
0.01141
0.01199
0.01203
0.01246
0.01303
0.01434
0.01513
0.01583
0.01612
0.01614
0.01686
0.19916
0.01756
0.01805
0.0183
0.01839
0.01869
0.01898
0.01906
0.01964
0.01982
0.02065
0.02086
0.02089
0.02091
0.02101
0.02142
0.02214
0.02214
0.02347
0.02348
0.02354
0.02548
0.02623
0.02647
0.02726
0.02753
0.02758
0.02791
0.02825
0.02833
0.02852
0.02973
0.03033
0.03143
0.03163
0.03244
0.03276
0.03281
0.03302
0.03331
0.03348
0.03375
0.03578
0.036
0.03611
0.03784
0.03943
0.03978
0.04013
0.04014
0.04047
0.04063
0.04134
0.04179
0.04206
0.04216
0.42353
0.04387
0.83261
0.04478
0.63212
0.04516
0.04538
0.04672
0.0479
0.04838
0.0488
0.04899
0.04964
0.04996
0.05
0.05006
0.49232
0.05044
0.05179
0.05215
0.05229
0.05291
0.05324
0.05402
0.05432
0.0549
0.05511
0.05567
0.05597
0.05672
0.05691
0.05778
0.05799
0.05904
0.05908
0.05968
0.06058
0.06162
0.06179
0.0619
0.0629
0.06326
0.06347
0.06404
0.06425
0.0647
0.06486
0.52094
0.06515
0.06577
0.16545
0.06635
0.0664
0.06665
0.06698
0.06705
0.06805
0.6645
0.06914
0.06936
0.07002
0.07014
0.07073
0.07158
0.07167
0.07168
0.07247
0.07429
0.07494
0.98139
0.07741
0.07743
0.07766
0.07788
0.07826
0.07839
0.07845
0.07856
0.07923
0.07934
0.07954
0.07993
0.08065
0.08106
0.08115
0.08171
0.08199
0.08207
0.08253
0.08261
0.08391
0.08408
0.08444
0.08467
0.08496
0.08518
0.08629
0.08708
0.08748
0.67055
0.08925
0.09104
0.09187
0.09251
0.09271
0.09286
0.0929
0.0932
0.09371
0.09377
0.09391
0.09523
0.09604
0.09647
0.09745
0.09859
0.09891
0.09912
0.09939
0.09951
0.09991
0.09995
0.10028
0.10038
0.10048
0.10064
0.10121
0.10141
0.1016
0.102
0.10297
0.10421
0.10485
0.10631
0.10842
0.10886
0.10914
0.10993
0.10999
0.11018
0.11052
0.11099
0.11106
0.11124
0.11145
0.11178
0.11192
0.11245
0.11252
0.11325
0.11385
0.11426
0.11431
0.1149
0.11519
0.11559
0.11573
0.11631
0.11744
0.11852
0.11911
0.12122
0.12167
0.12197
0.12239
0.98736
0.12262
0.12264
0.12449
0.12474
0.12506
0.12551
0.81085
0.12645
0.12658
0.12663
0.12675
0.12706
0.12789
0.12903
0.12919
0.12935
0.12979
0.13122
0.1319
0.1326
0.13275
0.13281
0.13327
0.13331
0.13429
0.13431
0.13543
0.13565
0.13595
0.1366
0.13669
0.1367
0.13682
0.13711
0.87133
0.13924
0.14004
0.1402
0.14091
0.14091
0.14105
0.14339
0.1441
0.14445
0.14503
0.14529
0.14576
0.14818
0.14824
0.14827
0.14848
0.1508
0.15001
0.15052
0.14961
0.15086
0.1509
0.15104
0.15136
0.15306
0.15319
0.15361
0.15518
0.15553
0.15575
0.15626
0.15684
0.15703
0.15738
0.15792
0.15852
0.15938
0.15953
0.15988
0.73082
0.16258
0.16487
0.06626
0.16644
0.16665
0.16726
0.1673
0.16756
0.16773
0.16796
0.16848
0.1685
0.1686
0.16923
0.16957
0.16999
0.17038
0.17113
0.17262
0.17491
0.17495
0.17571
0.17658
0.17672
0.23208
0.17745
0.17806
0.57107
0.17892
0.17981
0.18007
0.18143
0.18285
0.18286
0.18395
0.18486
0.18547
0.18578
0.18628
0.1863
0.18633
0.1867
0.18763
0.18781
0.18782
0.18845
0.18893
0.18911
0.18923
0.18938
0.18992
0.18994
0.1903
0.19034
0.191
0.19286
0.1934
0.19361
0.19368
0.19374
0.19385
0.19389
0.19415
0.19644
0.19682
0.19704
0.19734
0.19813
0.1984
0.19845
0.01752
0.19982
0.2645
0.20044
0.2012
0.20125
0.20191
0.20317
0.20408
0.20414
0.20443
0.20443
0.20483
0.20503
0.20556
0.20623
0.20651
0.20661
0.20666
0.20672
0.20687
0.207
0.20713
0.2072
0.20744
0.2083
0.20922
0.2094
0.2094
0.21022
0.21094
0.2112
0.21171
0.21195
0.21214
0.21313
0.2132
0.21569
0.21662
0.21768
0.21814
0.21898
0.21924
0.21961
0.22061
0.22077
0.2208
0.22215
0.2223
0.22236
0.42196
0.22353
0.2236
0.22374
0.22399
0.04229
0.22488
0.22498
0.86769
0.2252
0.22546
0.22555
0.22608
0.2266
0.22676
0.22715
0.2287
0.22881
0.22907
0.22931
0.22933
0.22974
0.23
0.23024
0.8352
0.23055
0.2307
0.23087
0.17718
0.23278
0.23332
0.23376
0.23416
0.23465
0.23509
0.23533
0.2357
0.23581
0.23603
0.23826
0.23857
0.2389
0.23936
0.24045
0.24092
0.24139
0.24145
0.24235
0.24302
0.24407
0.24497
0.24738
0.24787
0.24797
0.2485
0.24869
0.24873
0.24951
0.24974
0.25063
0.2507
0.25101
0.25144
0.98318
0.2525
0.25292
0.25333
0.25467
0.255
0.2555
0.25554
0.256
0.25692
0.25733
0.25794
0.25951
0.25956
0.26006
0.26065
0.26072
0.26114
0.26118
0.26158
0.26255
0.26261
0.26287
0.26347
0.26356
0.20006
0.26462
0.26475
0.26566
0.2664
0.26688
0.26768
0.26771
0.26893
0.26896
0.26902
0.26916
0.26928
0.27008
0.27043
0.27077
0.27149
0.81775
0.27282
0.27284
0.27318
0.27335
0.27414
0.27433
0.27491
0.27705
0.27763
0.27767
0.27799
0.27805
0.27814
0.27827
0.27832
0.55957
0.27952
0.28038
0.28046
0.28107
0.28167
0.28172
0.28175
0.28219
0.28252
0.28262
0.28282
0.28293
0.2834
0.28342
0.55263
0.28409
0.28534
0.28586
0.28587
0.28589
0.28627
0.28644
0.2873
0.28752
0.28773
0.28821
0.28894
0.29004
0.29149
0.33459
0.29249
0.29292
0.29352
0.29445
0.29482
0.29581
0.29709
0.29771
0.29791
0.29805
0.30044
0.30087
0.30099
0.30144
0.30211
0.30261
0.30308
0.30321
0.30364
0.30372
0.30405
0.30545
0.30549
0.30591
0.30625
0.3069
0.30707
0.3071
0.30731
0.30789
0.99511
0.30899
0.30902
0.31043
0.31217
0.3134
0.31387
0.50945
0.31514
0.31564
0.31678
0.31731
0.31829
0.31918
0.3201
0.32022
0.32036
0.32115
0.32118
0.32197
0.32278
0.3233
0.3235
0.78487
0.32397
0.60703
0.32579
0.32607
0.32726
0.32734
0.32767
0.32822
0.33168
0.33178
0.33201
0.0448
0.33326
0.33406
0.29172
0.33481
0.33489
0.33523
0.33542
0.77131
0.33663
0.33708
0.33713
0.3372
0.33853
0.33898
0.33932
0.33979
0.33999
0.34054
0.34136
0.34146
0.34318
0.3434
0.34391
0.34492
0.34664
0.34695
0.34783
0.34784
0.348
0.3481
0.34822
0.34822
0.34875
0.49502
0.34927
0.34928
0.35016
0.35039
0.3521
0.35242
0.35284
0.35322
0.35493
0.35523
0.35574
0.35578
0.40948
0.35806
0.35888
0.35925
0.35943
0.36007
0.36109
0.38751
0.36175
0.3626
0.36285
0.36455
0.36524
0.36531
0.36539
0.36593
0.36615
0.36645
0.36646
0.36652
0.36699
0.36753
0.36769
0.36817
0.36847
0.36872
0.37017
0.37151
0.37172
0.37189
0.37415
0.37606
0.37768
0.3783
0.3793
0.38
0.38054
0.3809
0.38119
0.38149
0.38271
0.38278
0.38284
0.38398
0.38414
0.38416
0.38543
0.3861
0.3865
0.38707
0.36157
0.38794
0.38918
0.38938
0.39011
0.39165
0.39236
0.39275
0.39357
0.39395
0.89894
0.39551
0.3963
0.39688
0.39693
0.39695
0.3973
0.39739
0.39836
0.69283
0.39976
0.40023
0.40031
0.40082
0.40093
0.40266
0.40272
0.4028
0.40305
0.40344
0.40349
0.40374
0.40449
0.40528
0.40551
0.40553
0.77508
0.40759
0.64276
0.40904
0.35693
0.41084
0.41128
0.41172
0.412
0.41264
0.41276
0.41294
0.41393
0.41415
0.41424
0.41562
0.41566
0.4163
0.41659
0.41689
0.41746
0.41816
0.41843
0.41866
0.41879
0.41891
0.41955
0.41996
0.42082
0.42153
0.22294
0.42205
0.42264
0.42291
0.42294
0.423
0.42327
0.22415
0.42362
0.42394
0.42508
0.42521
0.42537
0.4258
0.4259
0.42661
0.42686
0.42715
0.42719
0.42736
0.42751
0.42758
0.42763
0.42844
0.42914
0.42967
0.43001
0.43013
0.43024
0.43065
0.43213
0.43251
0.43264
0.43332
0.43384
0.43406
0.43454
0.43459
0.43462
0.43472
0.711
0.43506
0.43616
0.43617
0.4362
0.43648
0.43797
0.43881
0.43905
0.43938
0.43997
0.44069
0.44113
0.44161
0.44228
0.44233
0.44236
0.44242
0.4425
0.44251
0.44266
0.44528
0.44542
0.4463
0.44645
0.60012
0.44691
0.4472
0.44737
0.44804
0.4486
0.92154
0.0114
0.44946
0.45035
0.45035
0.45206
0.45213
0.45272
0.45279
0.45283
0.45306
0.45422
0.4545
0.45483
0.45614
0.4569
0.457
0.45713
0.45718
0.45759
0.458
0.45856
0.45887
0.46016
0.46109
0.46203
0.46212
0.46465
0.46479
0.46515
0.46523
0.46591
0.46602
0.46681
0.46712
0.46713
0.46742
0.46752
0.46757
0.46803
0.46991
0.46992
0.47086
0.47154
0.4716
0.47269
0.4727
0.47341
0.47377
0.47449
0.47495
0.475
0.47534
0.47607
0.47696
0.47752
0.47793
0.47803
0.47872
0.47929
0.48095
0.48108
0.48131
0.48162
0.48183
0.48246
0.48268
0.4829
0.483
0.48391
0.48434
0.48471
0.4857
0.48726
0.48952
0.48957
0.48962
0.49001
0.4902
0.49116
0.49127
0.49162
0.05034
0.49246
0.49365
0.49476
0.34924
0.49553
0.49556
0.49583
0.49599
0.49612
0.49643
0.49691
0.49761
0.49813
0.4982
0.49829
0.49849
0.49937
0.49979
0.49979
0.50027
0.50069
0.50076
0.50094
0.50114
0.50256
0.50312
0.50324
0.50397
0.50414
0.50437
0.50511
0.50577
0.5062
0.50741
0.50763
0.50828
0.50921
0.31446
0.51336
0.51415
0.51477
0.51493
0.51508
0.51583
0.51621
0.51625
0.51626
0.5166
0.5175
0.51874
0.5189
0.51896
0.5198
0.51994
0.065
0.52135
0.52229
0.52236
0.52286
0.52292
0.52319
0.52355
0.5248
0.52589
0.52672
0.52725
0.52788
0.52801
0.52807
0.5282
0.52858
0.52879
0.5295
0.53002
0.5301
0.53038
0.53274
0.53376
0.5341
0.53452
0.53533
0.53578
0.53699
0.53715
0.53724
0.53781
0.53893
0.53936
0.53961
0.54041
0.54153
0.54191
0.54227
0.543
0.54302
0.54309
0.54338
0.54354
0.54394
0.54405
0.54454
0.54568
0.54624
0.547
0.54793
0.54797
0.54871
0.54976
0.55018
0.55125
0.28387
0.55277
0.55332
0.55358
0.55458
0.55628
0.55661
0.55661
0.55731
0.55874
0.55921
0.27839
0.55996
0.56033
0.56051
0.56116
0.56183
0.56221
0.56345
0.56392
0.5643
0.5644
0.56447
0.56568
0.56602
0.56642
0.56756
0.56782
0.56882
0.56936
0.56957
0.57058
0.17835
0.57195
0.5738
0.57393
0.57436
0.57468
0.575
0.57553
0.5762
0.57651
0.57666
0.57747
0.57797
0.578
0.57848
0.57849
0.57856
0.57887
0.57922
0.57937
0.5801
0.58071
0.58127
0.58253
0.58312
0.58392
0.58434
0.58452
0.58453
0.58585
0.58595
0.58605
0.58664
0.58692
0.74591
0.5879
0.58801
0.58857
0.58918
0.58966
0.59042
0.59155
0.59332
0.59442
0.59459
0.59459
0.59537
0.59633
0.59681
0.59696
0.597
0.59809
0.59832
0.59843
0.5991
0.59931
0.44663
0.60018
0.60057
0.60155
0.60162
0.60247
0.60267
0.60277
0.60366
0.60369
0.60448
0.60543
0.60653
0.32535
0.60707
0.60776
0.60782
0.60846
0.60848
0.60872
0.60897
0.61028
0.6104
0.61053
0.61093
0.61104
0.61108
0.6111
0.61164
0.61267
0.61271
0.61366
0.61433
0.61456
0.61461
0.61617
0.61678
0.61747
0.61778
0.61781
0.61812
0.61861
0.61928
0.61931
0.6208
0.62084
0.62109
0.62123
0.62123
0.62132
0.62139
0.62182
0.62186
0.62227
0.62317
0.62332
0.62359
0.62511
0.62542
0.6258
0.62591
0.6262
0.62808
0.62815
0.62894
0.62909
0.62953
0.62982
0.63178
0.63182
0.33257
0.63304
0.63457
0.63574
0.63742
0.63816
0.63856
0.63901
0.63971
0.63984
0.64135
0.64188
0.64206
0.64226
0.40875
0.64406
0.64479
0.64501
0.64558
0.64564
0.64611
0.64643
0.64754
0.64802
0.64851
0.64883
0.6492
0.64951
0.64959
0.64971
0.6498
0.64996
0.65025
0.65075
0.65127
0.6516
0.65163
0.65246
0.65301
0.65302
0.655
0.65503
0.65715
0.65761
0.6579
0.65823
0.65885
0.65936
0.65946
0.65978
0.66068
0.66108
0.66175
0.66195
0.66252
0.66282
0.66288
0.66371
0.66421
0.0684
0.66538
0.66566
0.6657
0.66573
0.66723
0.66752
0.66909
0.6691
0.66928
0.66933
0.66934
0.66984
0.08845
0.67076
0.67091
0.6715
0.67239
0.67256
0.67275
0.6729
0.67465
0.67537
0.67551
0.67675
0.67839
0.67885
0.67896
0.68025
0.68095
0.68109
0.6811
0.68142
0.68157
0.68175
0.68182
0.68186
0.68242
0.68318
0.68351
0.6839
0.68393
0.68416
0.68459
0.6846
0.68486
0.68521
0.68623
0.68757
0.68775
0.68796
0.68818
0.68851
0.68858
0.68861
0.68862
0.68891
0.68912
0.68918
0.68964
0.69066
0.69116
0.69181
0.69187
0.69251
0.85045
0.69301
0.69319
0.69349
0.69373
0.69473
0.69491
0.69491
0.6956
0.69678
0.69779
0.69871
0.69878
0.69878
0.69929
0.69972
0.70139
0.70178
0.70291
0.70295
0.70306
0.70508
0.70523
0.70591
0.7062
0.70653
0.70665
0.70666
0.70879
0.7097
0.71087
0.71096
0.43492
0.71148
0.71229
0.71255
0.71402
0.71408
0.71426
0.71498
0.71543
0.71547
0.71659
0.71694
0.71717
0.71719
0.71775
0.71793
0.71852
0.71875
0.71994
0.72042
0.72069
0.72096
0.72161
0.72272
0.72322
0.72365
0.724
0.72536
0.72552
0.72622
0.72722
0.72746
0.72766
0.72772
0.72783
0.72898
0.72925
0.72961
0.99624
0.73153
0.73257
0.73267
0.73312
0.73331
0.73436
0.73437
0.73492
0.73611
0.73634
0.7367
0.73709
0.73765
0.73787
0.73791
0.73846
0.73891
0.74027
0.74057
0.74086
0.74109
0.74113
0.74221
0.74246
0.74372
0.74377
0.74417
0.74431
0.74575
0.58762
0.74643
0.74665
0.74669
0.74754
0.74869
0.74957
0.74969
0.75087
0.82484
0.75401
0.75401
0.75438
0.75527
0.75541
0.75563
0.75584
0.75654
0.75678
0.7574
0.75758
0.75786
0.75859
0.75966
0.76058
0.76117
0.76165
0.76186
0.76342
0.76348
0.76384
0.76398
0.76414
0.76426
0.76484
0.76553
0.76565
0.76635
0.76687
0.76751
0.76758
0.76816
0.76886
0.76971
0.76978
0.76985
0.77036
0.77048
0.7707
0.33611
0.77136
0.77241
0.77263
0.77306
0.7731
0.77335
0.77415
0.407
0.77547
0.77604
0.77714
0.77803
0.77879
0.77947
0.77954
0.77971
0.78017
0.78055
0.78072
0.78074
0.78084
0.78155
0.78156
0.78167
0.78263
0.78285
0.78285
0.78375
0.78474
0.78478
0.32359
0.78602
0.78699
0.78759
0.78764
0.7896
0.79019
0.7902
0.79082
0.79086
0.79115
0.79181
0.79198
0.79199
0.79248
0.79273
0.79403
0.79409
0.79588
0.79591
0.7977
0.79919
0.79934
0.80028
0.80085
0.80285
0.80413
0.80462
0.80496
0.80523
0.80524
0.80539
0.8062
0.80632
0.80633
0.80801
0.80813
0.80938
0.80944
0.80948
0.80985
0.81047
0.12644
0.81109
0.81142
0.81207
0.81244
0.81259
0.81261
0.81266
0.81299
0.81312
0.81365
0.81398
0.81424
0.8145
0.81457
0.81552
0.81585
0.81607
0.81634
0.81696
0.81704
0.27196
0.81817
0.81832
0.8185
0.8195
0.81971
0.8207
0.82085
0.821
0.8221
0.82277
0.82328
0.8233
0.8235
0.82353
0.75386
0.82543
0.82544
0.8261
0.82765
0.82773
0.82799
0.82814
0.82818
0.8285
0.8287
0.82902
0.82924
0.82971
0.83003
0.83021
0.83027
0.8312
0.83137
0.83185
0.83209
0.83213
0.95676
0.83259
0.04444
0.83269
0.83349
0.83458
0.83477
0.835
0.83506
0.23048
0.83573
0.83673
0.83784
0.83827
0.8391
0.83927
0.84008
0.84018
0.84077
0.84083
0.84104
0.84106
0.84126
0.84164
0.84229
0.84245
0.84256
0.84266
0.84299
0.84303
0.84309
0.84469
0.84469
0.84483
0.84545
0.84575
0.84585
0.84613
0.84624
0.84637
0.84809
0.84906
0.84929
0.84953
0.84969
0.84993
0.85024
0.39887
0.85097
0.85207
0.85316
0.85316
0.85486
0.8552
0.85581
0.85616
0.85643
0.85725
0.85771
0.85772
0.85821
0.85825
0.85833
0.85849
0.85864
0.85877
0.85883
0.85897
0.85914
0.85987
0.86077
0.86226
0.86248
0.86268
0.86328
0.8633
0.86417
0.86418
0.86445
0.86483
0.86508
0.86539
0.86555
0.8663
0.22516
0.86775
0.86818
0.86837
0.8684
0.86899
0.87011
0.13879
0.8714
0.87156
0.8724
0.87267
0.87285
0.87372
0.87395
0.87542
0.87562
0.87612
0.87633
0.87639
0.87691
0.87791
0.87806
0.87841
0.87854
0.87866
0.87904
0.8798
0.88271
0.88272
0.88301
0.88491
0.88678
0.88717
0.88771
0.88779
0.88956
0.89021
0.89059
0.89118
0.89154
0.89158
0.8922
0.89259
0.89268
0.89272
0.89371
0.89378
0.89415
0.89431
0.89442
0.89447
0.89453
0.89455
0.89551
0.89619
0.89636
0.89771
0.89787
0.89818
0.89832
0.39436
0.8991
0.89918
0.89937
0.89979
0.90018
0.90055
0.90141
0.90222
0.90287
0.90345
0.90373
0.90375
0.9048
0.90528
0.90544
0.90571
0.90608
0.90615
0.9062
0.9067
0.90673
0.00732
0.90713
0.90727
0.90763
0.90796
0.90838
0.90947
0.90993
0.91077
0.91081
0.91083
0.91102
0.91114
0.91311
0.91365
0.9138
0.91381
0.91393
0.91583
0.91784
0.91794
0.91857
0.91909
0.91967
0.92006
0.92025
0.92135
0.44862
0.92183
0.92342
0.92399
0.92438
0.92448
0.92464
0.92472
0.92499
0.92646
0.92666
0.92696
0.92735
0.92847
0.92871
0.93012
0.9304
0.93109
0.93115
0.93144
0.93204
0.93204
0.93226
0.93297
0.93368
0.93421
0.93448
0.93473
0.93596
0.93605
0.93609
0.93621
0.93623
0.93681
0.93802
0.93803
0.93813
0.9393
0.94061
0.94152
0.9421
0.94224
0.94331
0.94375
0.94404
0.94471
0.94479
0.94543
0.94549
0.94788
0.94817
0.94876
0.94885
0.94896
0.95029
0.95071
0.95107
0.9514
0.95232
0.95307
0.95341
0.95362
0.95388
0.9549
0.95548
0.95597
0.95602
0.95624
0.83241
0.95757
0.95787
0.9584
0.95854
0.95907
0.96165
0.96253
0.96267
0.96281
0.96389
0.96463
0.96526
0.96645
0.96648
0.96681
0.96683
0.96693
0.96762
0.96793
0.96834
0.96854
0.96859
0.97009
0.97074
0.97147
0.97195
0.97219
0.97246
0.97293
0.97431
0.97434
0.97439
0.97441
0.97469
0.97474
0.97516
0.97543
0.97546
0.97572
0.97657
0.97713
0.97886
0.97904
0.97954
0.98014
0.98096
0.98097
0.07671
0.07671
0.98158
0.98163
0.25182
0.98384
0.98392
0.98454
0.98466
0.98472
0.98487
0.98548
0.98631
0.98632
0.12245
0.98779
0.98889
0.98942
0.98986
0.99045
0.99088
0.99194
0.99402
0.9945
0.99473
0.99482
0.30852
0.16105
0.99646
0.9966
0.99966
