0.00067
0.00137
0.00182
0.00248
0.00293
0.0034
0.00354
0.00374
0.00442
0.00443
0.45614
0.0047
0.00518
0.00535
0.00636
0.00665
0.00681
0.00768
0.00785
0.00802
0.00805
0.00822
0.00908
0.00931
0.00936
0.0094
0.00978
0.00996
0.00998
0.0103
0.01046
0.01073
0.01134
0.01151
0.01196
0.7794
0.0134
0.0136
0.0139
0.01398
0.01424
0.01458
0.01508
0.01528
0.01549
0.01559
0.01601
0.01634
0.01693
0.01697
0.01754
0.01789
0.01805
0.01844
0.01887
0.01913
0.0195
0.01969
0.01987
0.01988
0.02154
0.02198
0.02253
0.02289
0.02306
0.02323
0.0234
0.02355
0.02486
0.02489
0.02518
0.02574
0.02794
0.02797
0.02826
0.02853
0.02889
0.02891
0.02894
0.02923
0.02943
0.02974
0.03013
0.03061
0.0308
0.03092
0.03148
0.03163
0.80195
0.03191
0.03193
0.03231
0.03256
0.03392
0.03414
0.03424
0.03434
0.03495
0.03522
0.03549
0.03552
0.03573
0.0358
0.03582
0.03613
0.03634
0.03704
0.03748
0.03757
0.03764
0.03768
0.03833
0.47405
0.03905
0.03915
0.03971
0.04035
0.04117
0.04129
0.04204
0.04235
0.04356
0.04398
0.04475
0.04605
0.04607
0.43529
0.04623
0.04683
0.64902
0.0483
0.0485
0.0486
0.04958
0.05017
0.05042
0.05067
0.05076
0.05094
0.05152
0.05164
0.05169
0.05209
0.77226
0.77226
0.0524
0.05291
0.05295
0.05304
0.05339
0.0541
0.0545
0.05548
0.14198
0.05574
0.05635
0.05653
0.05664
0.05681
0.05704
0.05717
0.05747
0.05784
0.058
0.05826
0.05918
0.05975
0.05987
0.06036
0.06054
0.06156
0.06184
0.06189
0.06212
0.06322
0.07255
0.06455
0.06503
0.06528
0.21008
0.06696
0.06704
0.06727
0.06751
0.06752
0.06759
0.06788
0.06803
0.06817
0.06846
0.06847
0.0687
0.07006
0.07045
0.07096
0.07133
0.2869
0.07154
0.07176
0.07197
0.07199
0.07225
0.07225
0.06367
0.0727
0.07361
0.07366
0.07416
0.07524
0.07529
0.07537
0.07567
0.07649
0.07651
0.07727
0.07957
0.07962
0.07966
0.07973
0.07999
0.08017
0.08051
0.08151
0.08154
0.08171
0.08178
0.08201
0.08303
0.08312
0.08315
0.0836
0.08384
0.08678
0.08686
0.08809
0.08829
0.08884
0.08927
0.08967
0.08985
0.97099
0.0901
0.09027
0.09038
0.09038
0.09043
0.09058
0.09202
0.09227
0.09313
0.09447
0.09484
0.0952
0.09524
0.0957
0.09691
0.69157
0.09779
0.09792
0.09793
0.09799
0.098
0.09822
0.09857
0.09865
0.09905
0.09933
0.09942
0.09994
0.10006
0.10029
0.1005
0.10095
0.101
0.10101
0.10109
0.10156
0.10169
0.10248
0.10253
0.10264
0.10277
0.10385
0.10387
0.10459
0.10473
0.1048
0.1053
0.1059
0.10594
0.10662
0.10669
0.10747
0.10754
0.10761
0.10806
0.10823
0.10878
0.10884
0.10952
0.10964
0.10969
0.10994
0.11076
0.11207
0.1123
0.11254
0.11352
0.11383
0.11418
0.11438
0.11439
0.11456
0.11472
0.11524
0.11549
0.11575
0.11606
0.11613
0.11629
0.11714
0.11719
0.11734
0.11779
0.11823
0.11837
0.11855
0.11879
0.11912
0.67058
0.11943
0.11945
0.11958
0.11972
0.12001
0.12022
0.1207
0.12076
0.12097
0.12133
0.12158
0.97931
0.12211
0.12216
0.12239
0.12329
0.1235
0.12384
0.12479
0.12525
0.12534
0.12539
0.1255
0.48747
0.48747
0.12707
0.12784
0.12873
0.12903
0.12961
0.13011
0.13091
0.13105
0.13114
0.1314
0.13192
0.13216
0.13257
0.13264
0.1329
0.13296
0.1332
0.13352
0.13387
0.13414
0.13422
0.13442
0.13442
0.13492
0.13527
0.13571
0.1359
0.13654
0.1369
0.13712
0.13765
0.13791
0.56387
0.13808
0.13897
0.13971
0.14067
0.14083
0.05555
0.14216
0.14296
0.46639
0.14376
0.14387
0.14424
0.14446
0.35977
0.14527
0.80142
0.14673
0.14687
0.14753
0.1479
0.14848
0.14974
0.15025
0.15039
0.47397
0.15098
0.15099
0.15124
0.15182
0.15206
0.15327
0.15368
0.15415
0.15417
0.15447
0.15504
0.15628
0.1566
0.1567
0.15696
0.15767
0.15793
0.15844
0.15862
0.15921
0.15941
0.16005
0.16013
0.2388
0.16045
0.16073
0.16073
0.16091
0.16215
0.16246
0.16248
0.16273
0.16312
0.16379
0.16442
0.16447
0.16457
0.16557
0.16558
0.16594
0.16598
0.16637
0.16658
0.99111
0.16724
0.16744
0.16752
0.16807
0.16861
0.16865
0.16871
0.16888
0.1698
0.1701
0.17067
0.92272
0.17107
0.1712
0.17245
0.17277
0.17321
0.17352
0.17372
0.17381
0.17459
0.17471
0.17484
0.17493
0.17498
0.17597
0.17616
0.17651
0.17675
0.17688
0.17708
0.17724
0.17785
0.17822
0.17825
0.17838
0.17844
0.17855
0.17894
0.17908
0.17911
0.17974
0.18025
0.18028
0.18045
0.18047
0.18063
0.18078
0.18114
0.18117
0.18135
0.18156
0.47854
0.18373
0.18392
0.18399
0.18452
0.64855
0.18506
0.18513
0.18516
0.18522
0.18539
0.18583
0.18601
0.18612
0.18619
0.18766
0.18773
0.18783
0.59598
0.18799
0.18802
0.18808
0.18846
0.18852
0.18856
0.18949
0.19039
0.19057
0.19088
0.19137
0.19151
0.19191
0.1922
0.19232
0.19338
0.19371
0.19379
0.1943
0.19448
0.19453
0.19479
0.19506
0.19545
0.19548
0.19549
0.19711
0.19784
0.19785
0.198
0.19913
0.19995
0.20002
0.2002
0.20024
0.20037
0.2008
0.20088
0.20177
0.20189
0.20235
0.20267
0.20286
0.20315
0.20368
0.20449
0.20491
0.20509
0.20515
0.2063
0.20696
0.20742
0.20742
0.20774
0.20784
0.208
0.2087
0.20876
0.20944
0.20961
0.0653
0.80089
0.21102
0.21114
0.21171
0.212
0.21258
0.21295
0.21296
0.21304
0.21334
0.2139
0.21394
0.21459
0.21472
0.21544
0.21585
0.21668
0.21712
0.21718
0.21794
0.21796
0.21819
0.2187
0.21944
0.21987
0.21988
0.22039
0.22055
0.22109
0.22147
0.2217
0.22212
0.22217
0.22245
0.22246
0.2227
0.22284
0.2229
0.22367
0.22385
0.63846
0.22449
0.22482
0.22491
0.22786
0.22796
0.22821
0.22821
0.22907
0.23007
0.23011
0.23025
0.23033
0.23045
0.55283
0.23187
0.23206
0.23217
0.23272
0.23313
0.23334
0.46075
0.23395
0.23403
0.87533
0.23426
0.23438
0.23452
0.23454
0.23532
0.2354
0.23557
0.23654
0.30426
0.23706
0.23747
0.23815
0.23823
0.23832
0.16041
0.2391
0.24028
0.24058
0.24107
0.24116
0.24152
0.24186
0.242
0.24284
0.243
0.24338
0.24343
0.24353
0.24356
0.24362
0.24375
0.2438
0.24387
0.24447
0.24543
0.24578
0.24608
0.24631
0.2465
0.24667
0.24683
0.24699
0.24718
0.24745
0.24785
0.24803
0.29702
0.24871
0.24906
0.24914
0.24918
0.25039
0.2506
0.25083
0.25126
0.53284
0.32722
0.25256
0.25284
0.25323
0.25341
0.25356
0.25369
0.25375
0.25383
0.25467
0.2547
0.25482
0.25503
0.25506
0.25516
0.25527
0.25552
0.25571
0.25599
0.25603
0.25628
0.2565
0.25677
0.25677
0.25777
0.25832
0.25938
0.25987
0.25989
0.89519
0.26004
0.26014
0.26053
0.26069
0.26091
0.26104
0.26127
0.2613
0.26151
0.26156
0.26223
0.26236
0.26274
0.26285
0.26316
0.2633
0.84595
0.2637
0.26432
0.26456
0.2651
0.26517
0.26614
0.26617
0.26698
0.26724
0.26976
0.26991
0.27083
0.27087
0.27124
0.27138
0.27145
0.27151
0.27176
0.27181
0.27215
0.27237
0.2728
0.27292
0.2737
0.27386
0.27481
0.27517
0.27594
0.27645
0.27647
0.27665
0.27668
0.27722
0.2775
0.27771
0.27782
0.27797
0.27809
0.27818
0.27854
0.27911
0.27946
0.27989
0.28002
0.28005
0.28034
0.28139
0.2817
0.28179
0.28187
0.28197
0.28204
0.28212
0.28237
0.28247
0.2829
0.28304
0.28319
0.28374
0.28383
0.28389
0.28392
0.51207
0.28472
0.28522
0.28541
0.28606
0.2861
0.28616
0.28651
0.28654
0.2868
0.28689
0.07153
0.28722
0.28746
0.28755
0.9797
0.28801
0.28833
0.28849
0.28864
0.29053
0.29095
0.29124
0.29132
0.29138
0.98831
0.29166
0.29241
0.29261
0.29263
0.2928
0.29335
0.29348
0.29366
0.29381
0.29485
0.29571
0.29589
0.29596
0.29641
0.29657
0.24852
0.29713
0.29735
0.29777
0.29811
0.29871
0.29886
0.29893
0.29895
0.29921
0.35787
0.30027
0.30043
0.30059
0.30077
0.30082
0.30131
0.30151
0.3016
0.30171
0.30175
0.30258
0.30261
0.30271
0.30307
0.30392
0.30407
0.30409
0.30409
0.39876
0.23683
0.30451
0.30507
0.30533
0.30541
0.30543
0.30547
0.69831
0.30634
0.30644
0.30704
0.30725
0.30731
0.30751
0.30862
0.3088
0.30885
0.30886
0.309
0.30912
0.30926
0.30956
0.30964
0.31006
0.31039
0.31039
0.31074
0.31099
0.31112
0.31117
0.31121
0.31129
0.31177
0.31262
0.31307
0.31322
0.31328
0.3139
0.6232
0.31418
0.31432
0.31456
0.31508
0.31552
0.31576
0.31579
0.31593
0.31602
0.31625
0.31879
0.31895
0.31898
0.31907
0.3195
0.31963
0.32124
0.32149
0.32233
0.3227
0.32348
0.32411
0.32415
0.32438
0.32446
0.32533
0.32542
0.32583
0.32589
0.32601
0.32603
0.3262
0.32621
0.3271
0.32716
0.25209
0.32736
0.32869
0.32869
0.32906
0.32986
0.3304
0.33058
0.33072
0.33133
0.3315
0.33153
0.3317
0.33204
0.33208
0.33244
0.33265
0.33366
0.33387
0.33413
0.33415
0.3343
0.33449
0.33492
0.33536
0.33593
0.33625
0.33632
0.33667
0.33674
0.33684
0.33736
0.33739
0.33751
0.33791
0.33838
0.33862
0.33899
0.33907
0.33954
0.33968
0.33985
0.3403
0.54321
0.34094
0.34124
0.34135
0.34177
0.3425
0.34279
0.34286
0.34298
0.34341
0.34384
0.34501
0.3453
0.34532
0.34551
0.34611
0.34616
0.34631
0.34659
0.34744
0.34781
0.34832
0.34833
0.34835
0.34839
0.34861
0.34883
0.34913
0.34939
0.34947
0.34961
0.34965
0.34985
0.35023
0.35026
0.82855
0.35125
0.35136
0.35159
0.35173
0.3519
0.35224
0.35331
0.35339
0.35396
0.35432
0.35487
0.35493
0.35493
0.3552
0.35522
0.35531
0.35595
0.35689
0.35725
0.35767
0.30024
0.35814
0.35875
0.35947
0.14466
0.35983
0.35996
0.36001
0.36002
0.36008
0.36031
0.36143
0.36168
0.36178
0.36247
0.3628
0.3637
0.36378
0.36419
0.36436
0.36461
0.36479
0.36509
0.36572
0.36597
0.36615
0.36667
0.36779
0.36783
0.36825
0.36848
0.36885
0.37098
0.37133
0.37176
0.37248
0.3726
0.37277
0.37331
0.37339
0.37388
0.37391
0.37414
0.37453
0.37455
0.37489
0.37514
0.37519
0.37552
0.37553
0.37554
0.37567
0.37603
0.37606
0.37638
0.37643
0.37688
0.37733
0.37761
0.3778
0.37782
0.37793
0.37866
0.37891
0.37892
0.37895
0.37937
0.37938
0.38004
0.38065
0.38089
0.38127
0.38152
0.38162
0.38187
0.38258
0.38318
0.38349
0.38351
0.38358
0.38361
0.38396
0.38414
0.3846
0.78438
0.78438
0.38539
0.38601
0.3866
0.38676
0.38737
0.38742
0.38782
0.38819
0.93997
0.38876
0.38923
0.38967
0.39006
0.39009
0.39165
0.39235
0.39256
0.39279
0.39293
0.39333
0.39407
0.39452
0.39458
0.39475
0.39476
0.39481
0.39489
0.39528
0.39542
0.39555
0.39645
0.39664
0.39741
0.39754
0.3979
0.39823
0.39825
0.39858
0.30422
0.39883
0.39893
0.39977
0.40007
0.40013
0.40013
0.40027
0.40027
0.4003
0.40046
0.40047
0.40065
0.40132
0.40173
0.40182
0.4027
0.40306
0.40366
0.40379
0.40423
0.40452
0.4046
0.40463
0.40473
0.40498
0.40701
0.40719
0.4076
0.4077
0.40785
0.40794
0.57155
0.40859
0.40871
0.40875
0.40914
0.40999
0.41039
0.4105
0.41086
0.41117
0.41171
0.41182
0.41199
0.41205
0.41214
0.41242
0.41247
0.41276
0.41284
0.41314
0.41357
0.41444
0.41482
0.41508
0.41526
0.41586
0.41644
0.41655
0.417
0.41734
0.4177
0.41808
0.41829
0.41841
0.79258
0.41872
0.41905
0.41919
0.41988
0.42079
0.42153
0.42186
0.42186
0.42305
0.42317
0.42331
0.42363
0.42409
0.42413
0.42437
0.42496
0.42508
0.42551
0.42555
0.42566
0.42577
0.4259
0.42608
0.42647
0.42721
0.42741
0.42749
0.42754
0.42793
0.42861
0.42867
0.42887
0.42903
0.42922
0.42924
0.42944
0.43008
0.4306
0.43093
0.43111
0.43128
0.43185
0.43192
0.43217
0.43219
0.43258
0.43289
0.43411
0.43439
0.43452
0.43478
0.43484
0.04619
0.43599
0.43626
0.43654
0.43654
0.43695
0.4371
0.43711
0.43716
0.43718
0.43719
0.43726
0.43747
0.43754
0.43782
0.43785
0.43841
0.43844
0.43865
0.43912
0.43915
0.43968
0.4399
0.43998
0.44048
0.44064
0.44085
0.44112
0.44122
0.98236
0.44183
0.442
0.44279
0.44307
0.44326
0.44346
0.56123
0.44394
0.44431
0.44504
0.77005
0.44567
0.44593
0.7352
0.44641
0.44733
0.44735
0.44751
0.44754
0.44765
0.4478
0.44813
0.44885
0.44943
0.44967
0.4508
0.45092
0.45111
0.45193
0.45224
0.45257
0.45349
0.45359
0.45391
0.45413
0.45505
0.45534
0.45554
0.00447
0.45621
0.45646
0.45686
0.45695
0.45699
0.45717
0.79547
0.45916
0.45924
0.45943
0.45995
0.4603
0.46041
0.46048
0.23341
0.46145
0.46161
0.46166
0.4623
0.46273
0.46294
0.46298
0.46328
0.46344
0.46359
0.46362
0.46388
0.46414
0.46541
0.4659
0.4661
0.4663
0.68553
0.46662
0.46722
0.46788
0.46875
0.46885
0.46895
0.46923
0.46947
0.47015
0.4706
0.47076
0.4708
0.47086
0.47109
0.47135
0.47182
0.47216
0.47244
0.47291
0.15065
0.03899
0.47429
0.47434
0.47463
0.47493
0.47497
0.47497
0.47515
0.47527
0.47549
0.47607
0.47613
0.4763
0.47656
0.4766
0.47664
0.4777
0.47784
0.47784
0.47793
0.47817
0.18173
0.48001
0.48044
0.48075
0.48119
0.48131
0.48153
0.48167
0.48176
0.48205
0.4823
0.48281
0.4832
0.4833
0.48348
0.48351
0.48412
0.48467
0.48471
0.48475
0.48481
0.48522
0.4856
0.48627
0.48637
0.48652
0.48704
0.12645
0.48771
0.48829
0.48846
0.48875
0.48893
0.48894
0.49008
0.49074
0.49114
0.49229
0.49276
0.49358
0.4937
0.49376
0.49472
0.49494
0.49615
0.49658
0.49689
0.49723
0.49759
0.49762
0.49773
0.49881
0.49881
0.49925
0.4999
0.5004
0.50062
0.50119
0.502
0.50221
0.50325
0.50375
0.50398
0.50415
0.50429
0.50452
0.5046
0.5048
0.50511
0.5053
0.50558
0.50563
0.50621
0.50626
0.50645
0.50665
0.50668
0.50733
0.50747
0.50781
0.50796
0.50812
0.5089
0.50935
0.50952
0.50956
0.81754
0.50986
0.50987
0.51013
0.51037
0.51045
0.51054
0.51152
0.51162
0.67334
0.51209
0.51213
0.51231
0.51237
0.51256
0.51263
0.51271
0.51272
0.51308
0.51356
0.51358
0.51405
0.51464
0.51484
0.51547
0.51583
0.51646
0.51699
0.51707
0.51709
0.51737
0.51795
0.51838
0.51889
0.5189
0.51906
0.51906
0.51912
0.52008
0.5203
0.52043
0.52078
0.52095
0.52248
0.52262
0.52271
0.52273
0.52312
0.52347
0.52357
0.61074
0.93531
0.52423
0.52453
0.52592
0.73563
0.5267
0.52676
0.52706
0.5276
0.52775
0.52818
0.52836
0.52838
0.52871
0.52976
0.53012
0.53038
0.53121
0.53127
0.5316
0.53162
0.25132
0.25132
0.53287
0.5332
0.53427
0.53445
0.53491
0.53498
0.53501
0.53619
0.53628
0.53654
0.53703
0.53748
0.53777
0.53812
0.53833
0.53859
0.53947
0.54013
0.54015
0.54021
0.54055
0.54059
0.54084
0.54088
0.54091
0.54291
0.8669
0.5434
0.54374
0.54377
0.54395
0.5443
0.5452
0.5452
0.54547
0.54567
0.54618
0.55344
0.55344
0.54665
0.54666
0.54673
0.54728
0.54789
0.54808
0.54912
0.54956
0.55013
0.55016
0.55044
0.85289
0.55115
0.55123
0.55127
0.55139
0.55182
0.55201
0.55212
0.55274
0.23163
0.55286
0.5464
0.5542
0.55423
0.55441
0.55444
0.55456
0.55464
0.55554
0.55607
0.55609
0.55651
0.55694
0.55707
0.55709
0.55727
0.55764
0.55851
0.55924
0.56015
0.56041
0.56048
0.56102
0.4436
0.56148
0.56153
0.56187
0.56191
0.56192
0.56263
0.56264
0.56354
0.56376
0.13793
0.56398
0.56404
0.5645
0.56486
0.56543
0.56644
0.56723
0.56725
0.56784
0.56793
0.56805
0.56811
0.56826
0.56828
0.56841
0.56879
0.56971
0.57047
0.57047
0.571
0.40812
0.57287
0.57371
0.57382
0.57384
0.57387
0.57484
0.57593
0.57666
0.57681
0.57734
0.57737
0.5777
0.57781
0.57792
0.57927
0.57938
0.57969
0.58018
0.58113
0.58113
0.58182
0.58221
0.58278
0.58296
0.58308
0.5837
0.58377
0.58386
0.58416
0.58424
0.58425
0.58491
0.58536
0.58581
0.58653
0.58684
0.58736
0.58772
0.5881
0.75292
0.58824
0.58925
0.59004
0.59027
0.59042
0.59051
0.59052
0.59082
0.59099
0.5912
0.59136
0.5919
0.59216
0.59318
0.59385
0.59394
0.5945
0.59451
0.59455
0.59489
0.59507
0.59514
0.59583
0.18794
0.59608
0.59616
0.5964
0.59722
0.5977
0.59819
0.59847
0.59915
0.59989
0.6001
0.60032
0.60042
0.60071
0.60088
0.60113
0.60121
0.60153
0.60297
0.60341
0.60385
0.60389
0.60408
0.6041
0.60437
0.60443
0.60444
0.60452
0.6054
0.60554
0.60585
0.60594
0.60606
0.60617
0.60653
0.60665
0.60696
0.60736
0.60745
0.60787
0.60797
0.60857
0.6089
0.6098
0.61056
0.52359
0.61114
0.61128
0.61152
0.61165
0.61184
0.61297
0.61303
0.61305
0.61331
0.61358
0.61372
0.61376
0.61419
0.61453
0.61522
0.61611
0.61637
0.61684
0.61694
0.61716
0.61746
0.61751
0.61788
0.61799
0.61821
0.6183
0.6186
0.6188
0.61987
0.61988
0.62022
0.6205
0.62085
0.62098
0.62104
0.62107
0.62154
0.62169
0.62192
0.62201
0.62227
0.62233
0.62277
0.3141
0.62336
0.62415
0.62426
0.62473
0.62483
0.62498
0.62531
0.62606
0.62609
0.6263
0.62645
0.6269
0.62718
0.62818
0.62852
0.62985
0.63044
0.63119
0.63195
0.63227
0.6323
0.63246
0.63298
0.63303
0.63352
0.63361
0.63404
0.7414
0.63425
0.63455
0.63502
0.63524
0.63524
0.63535
0.63548
0.63572
0.63628
0.63668
0.66108
0.63735
0.63781
0.63804
0.63843
0.22443
0.6387
0.6397
0.64007
0.64025
0.64028
0.64086
0.64118
0.64136
0.64136
0.64147
0.64149
0.64208
0.64223
0.64244
0.64255
0.64255
0.64257
0.6426
0.2914
0.6435
0.6435
0.64377
0.64472
0.645
0.64509
0.64556
0.64589
0.64643
0.64653
0.6466
0.64694
0.64782
0.64808
0.64828
0.185
0.64889
0.04721
0.64948
0.64968
0.64992
0.65024
0.65042
0.65118
0.65119
0.65123
0.65125
0.65135
0.65152
0.6517
0.65177
0.65185
0.65209
0.65264
0.65273
0.65275
0.65304
0.65323
0.65334
0.65361
0.65372
0.65435
0.65459
0.65516
0.65564
0.65621
0.65755
0.65909
0.65952
0.66044
0.63673
0.66134
0.66162
0.662
0.6623
0.66292
0.66322
0.66324
0.66334
0.66346
0.66366
0.66368
0.66419
0.66446
0.66451
0.66517
0.66527
0.66535
0.66542
0.66548
0.96816
0.66657
0.6667
0.66684
0.66708
0.66764
0.6679
0.66867
0.66888
0.66977
0.66986
0.67015
0.67022
0.11919
0.67065
0.67125
0.67144
0.67155
0.67211
0.67224
0.67285
0.67297
0.67299
0.67323
0.28411
0.67374
0.67393
0.67481
0.67494
0.67552
0.67642
0.6765
0.67665
0.67669
0.67688
0.67746
0.67781
0.67889
0.67925
0.67963
0.68002
0.68093
0.68119
0.6812
0.68284
0.68302
0.68356
0.684
0.68432
0.68435
0.68435
0.68442
0.68475
0.68482
0.68513
0.68547
0.68551
0.14307
0.6862
0.68654
0.68663
0.6867
0.6875
0.68845
0.68885
0.68913
0.68941
0.68951
0.68956
0.68962
0.68963
0.68992
0.69003
0.6905
0.69073
0.69121
0.69144
0.78295
0.09697
0.69282
0.69286
0.69365
0.69441
0.6951
0.69545
0.69578
0.69721
0.69764
0.69778
0.69788
0.30556
0.69865
0.69866
0.69873
0.69974
0.70014
0.93181
0.70062
0.70072
0.70176
0.70187
0.70215
0.70219
0.70236
0.70259
0.70264
0.70315
0.70335
0.70408
0.70417
0.70426
0.70441
0.70482
0.7051
0.7056
0.70598
0.70607
0.70676
0.7069
0.70728
0.7074
0.70771
0.70874
0.7091
0.70945
0.70945
0.70956
0.70959
0.70977
0.7098
0.71081
0.71097
0.71117
0.7116
0.71194
0.712
0.71216
0.71281
0.713
0.71321
0.71355
0.71469
0.71475
0.71527
0.71572
0.71639
0.7165
0.71657
0.7168
0.71705
0.71763
0.71764
0.71799
0.71887
0.7198
0.71981
0.72064
0.72086
0.72163
0.72216
0.72332
0.72352
0.72357
0.72363
0.72388
0.72422
0.72549
0.72581
0.72645
0.72671
0.72679
0.72683
0.7271
0.72734
0.72755
0.72769
0.72814
0.72823
0.7285
0.72852
0.72959
0.72982
0.72988
0.73001
0.73027
0.73097
0.73138
0.73146
0.73175
0.73181
0.73223
0.73229
0.73233
0.73233
0.7325
0.73315
0.73357
0.7336
0.73476
0.73478
0.73493
0.73506
0.44614
0.5264
0.7362
0.73738
0.73805
0.73982
0.74033
0.74035
0.74047
0.74075
0.74118
0.63412
0.74156
0.74186
0.74331
0.74361
0.74409
0.74505
0.74568
0.7457
0.74592
0.74593
0.74594
0.74603
0.74673
0.74697
0.74718
0.74721
0.7479
0.74826
0.74861
0.74885
0.74899
0.74909
0.7494
0.74992
0.75056
0.75057
0.75084
0.75092
0.75125
0.75139
0.75162
0.75168
0.75211
0.75233
0.58817
0.75322
0.75337
0.7534
0.75343
0.75461
0.75539
0.75638
0.7565
0.75664
0.75672
0.75691
0.75792
0.75798
0.75838
0.7585
0.75862
0.75898
0.75918
0.75937
0.76006
0.76036
0.76129
0.7616
0.76169
0.76196
0.76208
0.76223
0.76304
0.76358
0.76359
0.76419
0.76427
0.76446
0.76452
0.76458
0.76571
0.76641
0.76731
0.76756
0.76789
0.76892
0.76893
0.76931
0.76953
0.76953
0.76954
0.7699
0.44539
0.77031
0.77032
0.77035
0.77052
0.77087
0.77181
0.77183
0.05231
0.77236
0.77243
0.77334
0.77375
0.77434
0.77499
0.77552
0.77594
0.77614
0.77615
0.77616
0.77618
0.77633
0.77674
0.77681
0.77861
0.77906
0.0122
0.77975
0.77986
0.78045
0.78067
0.7812
0.78136
0.78158
0.78175
0.78187
0.78194
0.78215
0.78235
0.69152
0.78299
0.78351
0.78361
0.78363
0.78363
0.78388
0.78414
0.38464
0.78446
0.78467
0.78505
0.78548
0.78549
0.78642
0.78736
0.78779
0.78789
0.78792
0.78793
0.78854
0.78855
0.78873
0.78899
0.78912
0.78923
0.78929
0.78949
0.79066
0.79073
0.79116
0.7916
0.79235
0.79239
0.79243
0.79257
0.41871
0.79279
0.79348
0.79424
0.79427
0.79509
0.79524
0.79528
0.45754
0.79561
0.79592
0.79597
0.79622
0.79732
0.7975
0.7987
0.79894
0.79934
0.79987
0.79999
0.80021
0.80043
0.80051
0.80081
0.21056
0.80122
0.14547
0.80152
0.80169
0.80175
0.03165
0.8022
0.80274
0.80287
0.80369
0.80381
0.80434
0.80511
0.80522
0.80567
0.80567
0.8062
0.80792
0.80823
0.80844
0.8088
0.80885
0.80889
0.80937
0.80943
0.80993
0.81001
0.81021
0.81045
0.81053
0.8108
0.81172
0.81195
0.81208
0.8122
0.81234
0.81247
0.81264
0.8131
0.81371
0.81375
0.81381
0.81457
0.81476
0.81502
0.81558
0.81585
0.81666
0.81683
0.81691
0.50957
0.81832
0.81846
0.81884
0.81923
0.81924
0.81978
0.82005
0.8201
0.82122
0.82192
0.82239
0.8225
0.82268
0.82271
0.8234
0.82341
0.82342
0.82389
0.82416
0.82468
0.82511
0.82515
0.82517
0.82617
0.82631
0.82633
0.82641
0.82642
0.82681
0.82845
0.3512
0.82917
0.82949
0.82964
0.83102
0.83183
0.83233
0.83314
0.83372
0.83411
0.83465
0.83609
0.83628
0.83723
0.83732
0.83745
0.83791
0.83801
0.83808
0.8382
0.83855
0.83861
0.83893
0.84005
0.84107
0.8411
0.84118
0.84131
0.84135
0.84136
0.84161
0.84209
0.84233
0.84264
0.8427
0.84286
0.84286
0.84326
0.84431
0.84535
0.84551
0.84594
0.26351
0.84629
0.84633
0.84646
0.84725
0.84737
0.84774
0.84825
0.84826
0.84826
0.84836
0.84869
0.84879
0.84909
0.85027
0.85064
0.85068
0.85096
0.85156
0.85214
0.85248
0.85277
0.55092
0.85339
0.85351
0.85446
0.85465
0.85467
0.85491
0.85506
0.85509
0.85548
0.85552
0.85641
0.85664
0.85688
0.85694
0.85726
0.85737
0.85777
0.85805
0.85819
0.85829
0.85863
0.85872
0.85932
0.85941
0.85956
0.85992
0.85997
0.86043
0.86045
0.86095
0.86158
0.86191
0.86223
0.86225
0.86237
0.86269
0.86327
0.92455
0.86353
0.86367
0.8638
0.86412
0.86445
0.86503
0.34091
0.86765
0.86799
0.86866
0.86962
0.86998
0.8702
0.87035
0.87073
0.87126
0.87151
0.8719
0.87254
0.87289
0.87368
0.87378
0.87452
0.87526
0.23405
0.87535
0.87537
0.87613
0.87684
0.87691
0.87702
0.87717
0.87757
0.87777
0.87896
0.87906
0.87909
0.87929
0.8799
0.87998
0.88046
0.88209
0.88282
0.88367
0.88395
0.88416
0.88434
0.88471
0.88484
0.88515
0.88587
0.88643
0.88662
0.88741
0.88745
0.88842
0.88844
0.88847
0.88896
0.88906
0.88949
0.89019
0.89044
0.89072
0.89242
0.89297
0.89369
0.89406
0.89418
0.89424
0.89491
0.25995
0.90383
0.89552
0.89553
0.89564
0.896
0.89675
0.89719
0.89796
0.89797
0.89831
0.89854
0.89924
0.89951
0.90023
0.90062
0.90074
0.90079
0.90091
0.90125
0.9013
0.90164
0.90172
0.90198
0.90211
0.90274
0.90312
0.90338
0.90342
0.89545
0.90425
0.9049
0.90526
0.90558
0.90623
0.90722
0.90726
0.90806
0.90808
0.90811
0.90838
0.90873
0.90912
0.90921
0.91022
0.91062
0.91153
0.91164
0.9117
0.91257
0.91275
0.91334
0.91397
0.91413
0.91417
0.91436
0.91471
0.91509
0.9156
0.91569
0.91587
0.91599
0.91638
0.91682
0.91696
0.91751
0.91778
0.91793
0.91801
0.91819
0.91911
0.92001
0.92078
0.92093
0.92102
0.92109
0.92114
0.92142
0.92146
0.92197
0.92225
0.92269
0.1708
0.92285
0.92288
0.92288
0.92306
0.92312
0.92387
0.92389
0.86345
0.92458
0.9249
0.92517
0.92519
0.92523
0.9267
0.9267
0.92708
0.92709
0.92712
0.92751
0.92763
0.92832
0.92835
0.92846
0.92906
0.92918
0.93015
0.93025
0.93035
0.93056
0.93115
0.93139
0.93147
0.93177
0.70038
0.93183
0.93232
0.93273
0.93324
0.93414
0.93419
0.93421
0.93469
0.93473
0.52362
0.93536
0.93555
0.93663
0.93668
0.93684
0.93702
0.9374
0.93765
0.93831
0.93834
0.9384
0.9389
0.93894
0.9391
0.93918
0.93972
0.38862
0.94057
0.94119
0.9414
0.94144
0.94177
0.942
0.94237
0.94256
0.94398
0.94407
0.94495
0.94496
0.94542
0.94546
0.94601
0.94624
0.9464
0.94736
0.94737
0.9475
0.94772
0.9478
0.94799
0.94818
0.94833
0.94838
0.9484
0.94897
0.94912
0.94986
0.95075
0.95151
0.95231
0.95235
0.95246
0.95269
0.95286
0.95333
0.95342
0.95348
0.95372
0.95429
0.95472
0.95491
0.95511
0.9552
0.95539
0.95592
0.95699
0.95716
0.95722
0.95744
0.95776
0.95826
0.95831
0.95841
0.95863
0.95887
0.95893
0.95898
0.95903
0.95996
0.96027
0.96042
0.96068
0.96077
0.96096
0.96116
0.96119
0.96128
0.96136
0.96143
0.96214
0.9622
0.96275
0.9629
0.963
0.96331
0.96336
0.9644
0.96461
0.96528
0.9657
0.96581
0.96617
0.96624
0.96651
0.96668
0.9667
0.96701
0.96721
0.9673
0.66637
0.96875
0.96944
0.96963
0.96998
0.97001
0.97004
0.97073
0.97092
0.97418
0.97152
0.9717
0.97222
0.97229
0.97278
0.97302
0.97348
0.97385
0.08994
0.97425
0.97432
0.97448
0.97453
0.97483
0.97498
0.97517
0.9759
0.97623
0.97661
0.97735
0.97758
0.97825
0.97842
0.97866
0.97887
0.97897
0.97907
0.12159
0.97962
0.2877
0.97996
0.98008
0.98016
0.98051
0.98057
0.98061
0.98067
0.98095
0.98162
0.9818
0.9818
0.98186
0.9823
0.44125
0.98282
0.98292
0.98319
0.98345
0.98396
0.98475
0.98481
0.98518
0.98549
0.98583
0.98591
0.98705
0.98764
0.98783
0.64292
0.98856
0.98858
0.98871
0.98901
0.98915
0.98968
0.99016
0.99045
0.99109
0.16679
0.99136
0.99228
0.9934
0.99358
0.99363
0.99377
0.99421
0.99438
0.99464
0.99478
0.99503
0.99506
0.99519
0.99539
0.99638
0.9969
0.99692
0.99766
0.99775
0.99791
0.99824
0.99937
0.99948
0.99953
