0.00205
0.00597
0.00737
0.00867
0.02163
0.02263
0.02453
0.02474
0.02523
0.02697
0.0305
0.03119
0.80679
0.0378
0.03783
0.039
0.04156
0.04486
0.04829
0.04848
0.05084
0.05136
0.05187
0.0535
0.05599
0.05846
0.063
0.06679
0.06725
0.06782
0.07331
0.07403
0.07459
0.07555
0.0757
0.07877
0.08164
0.08335
0.08474
0.0875
0.0902
0.09094
0.09347
0.09484
0.09501
0.80746
0.10006
0.10233
0.10413
0.10599
0.10616
0.10669
0.10722
0.10896
0.79728
0.11093
0.11158
0.1135
0.11354
0.11606
0.11682
0.11838
0.12121
0.128
0.13017
0.13251
0.13286
0.13329
0.13371
0.13388
0.13535
0.13843
0.13852
0.14252
0.14988
0.15009
0.15023
0.15207
0.15207
0.15345
0.15761
0.15808
0.16152
0.16285
0.16297
0.16409
0.16454
0.16535
0.16793
0.16913
0.17897
0.18299
0.8645
0.1841
0.18668
0.18784
0.18908
0.19102
0.19136
0.1925
0.19536
0.19561
0.1975
0.19834
0.20207
0.20266
0.20281
0.20388
0.20516
0.20584
0.20646
0.21622
0.21759
0.21941
0.22095
0.22098
0.22135
0.22135
0.22287
0.22289
0.22393
0.225
0.228
0.23437
0.23809
0.23819
0.23893
0.73583
0.24014
0.24064
0.24216
0.24408
0.24697
0.24829
0.25246
0.25344
0.2553
0.25807
0.25828
0.25933
0.25972
0.26307
0.26309
0.26312
0.26619
0.26655
0.26889
0.27022
0.27086
0.27331
0.27389
0.27569
0.27883
0.28087
0.28202
0.28234
0.28344
0.28468
0.28472
0.2855
0.28635
0.2866
0.28746
0.28904
0.29293
0.29602
0.29662
0.29753
0.30659
0.31626
0.31689
0.31958
0.32018
0.32033
0.323
0.32358
0.32738
0.32806
0.32881
0.33134
0.33236
0.33432
0.33887
0.34451
0.34474
0.34643
0.9952
0.35121
0.35129
0.35704
0.35992
0.36154
0.36541
0.36708
0.3676
0.3686
0.371
0.37339
0.37567
0.37711
0.37717
0.37725
0.38125
0.383
0.38348
0.38793
0.3913
0.39336
0.39963
0.40161
0.40176
0.40451
0.40568
0.40896
0.41103
0.41346
0.41376
0.41539
0.41595
0.41601
0.41856
0.4236
0.43664
0.43815
0.44414
0.44914
0.4518
0.45646
0.45866
0.46369
0.46892
0.46916
0.46989
0.47722
0.47821
0.87767
0.48626
0.48672
0.48791
0.48913
0.49184
0.4931
0.75556
0.49614
0.49665
0.4977
0.5038
0.50647
0.50707
0.50755
0.50883
0.50915
0.5098
0.51316
0.51333
0.51353
0.51676
0.51715
0.51791
0.52112
0.52498
0.52588
0.98554
0.52721
0.52728
0.53137
0.53294
0.53474
0.53737
0.54005
0.5429
0.54543
0.54837
0.55256
0.55281
0.55511
0.55567
0.55829
0.55865
0.55871
0.56524
0.56589
0.56735
0.56751
0.56764
0.56788
0.56916
0.56925
0.57095
0.5717
0.57579
0.57735
0.58078
0.58346
0.58356
0.58433
0.58442
0.94205
0.59595
0.5971
0.59919
0.59944
0.60002
0.60007
0.60161
0.6033
0.60398
0.60471
0.60629
0.60639
0.60844
0.60908
0.60952
0.60975
0.60981
0.61021
0.6103
0.61579
0.61613
0.61733
0.62239
0.62401
0.62782
0.62818
0.64
0.64216
0.64285
0.64501
0.64655
0.64824
0.64845
0.65001
0.65016
0.65455
0.65455
0.6581
0.65999
0.66078
0.665
0.66929
0.67267
0.67332
0.67334
0.67337
0.67703
0.67726
0.67741
0.67761
0.67895
0.67949
0.67997
0.68069
0.681
0.68234
0.68295
0.68611
0.68643
0.68731
0.68809
0.69033
0.69377
0.69516
0.69801
0.6991
0.7029
0.70374
0.70473
0.70709
0.70734
0.70851
0.70908
0.71079
0.71097
0.71271
0.71774
0.71791
0.72007
0.72297
0.72647
0.72877
0.73092
0.73304
0.73516
0.23954
0.73654
0.73749
0.73783
0.75015
0.75199
0.75346
0.75349
0.49408
0.76067
0.76841
0.77141
0.9885
0.77712
0.77771
0.77848
0.77871
0.78665
0.78925
0.79025
0.79135
0.79139
0.79166
0.79195
0.79321
0.79423
0.11004
0.79886
0.80037
0.03217
0.09712
0.80748
0.80999
0.81012
0.81319
0.8136
0.81597
0.81729
0.81941
0.82392
0.82426
0.82725
0.8315
0.83736
0.84327
0.84845
0.85131
0.85228
0.85262
0.8571
0.85991
0.86417
0.18391
0.8697
0.87089
0.87275
0.87569
0.87591
0.483
0.87948
0.8833
0.88372
0.88494
0.88996
0.89334
0.89335
0.89633
0.89879
0.89916
0.89975
0.9029
0.90644
0.90686
0.90979
0.91108
0.91214
0.91377
0.91552
0.91582
0.92382
0.92827
0.92857
0.92979
0.93148
0.93369
0.93549
0.9412
0.5946
0.94466
0.95151
0.95176
0.95181
0.95181
0.95208
0.95621
0.95653
0.95777
0.95879
0.96019
0.96485
0.96492
0.97338
0.97542
0.97591
0.97675
0.97725
0.97823
0.98487
0.98536
0.52628
0.9856
0.98773
0.77646
0.98915
0.99221
0.34827
0.99523
