0.01806
0.02363
0.03204
0.03336
0.05854
0.08131
0.08841
0.09318
0.10554
0.10817
0.10852
0.11391
0.11436
0.13342
0.1564
0.1609
0.19422
0.19626
0.20184
0.21216
0.22011
0.24897
0.25493
0.26381
0.90561
0.28075
0.28858
0.29518
0.2972
0.2972
0.31798
0.35902
0.36135
0.37281
0.37456
0.37658
0.38411
0.39301
0.41788
0.41969
0.42321
0.43209
0.43316
0.43644
0.43899
0.44137
0.445
0.46598
0.48847
0.48847
0.4949
0.50381
0.51633
0.53924
0.54284
0.5451
0.54819
0.55602
0.55779
0.58975
0.59572
0.5959
0.59989
0.60863
0.60919
0.63004
0.63779
0.66068
0.67924
0.68468
0.6865
0.69153
0.69553
0.70209
0.70322
0.70816
0.71011
0.72441
0.73128
0.7329
0.73497
0.74139
0.74535
0.75063
0.75273
0.75311
0.77893
0.80464
0.8069
0.83941
0.84147
0.86719
0.89551
0.27134
0.92888
0.93037
0.94791
0.97563
0.97759
0.9788
