0.00032
0.00062
0.00063
0.00065
0.00067
0.00108
0.00123
0.00178
0.00192
0.00193
0.00213
0.00241
0.00267
0.00281
0.00299
0.00308
0.00309
0.00329
0.0036
0.00372
0.00384
0.0039
0.00419
0.0042
0.64042
0.00434
0.00441
0.00443
0.00443
0.00445
0.0046
0.00469
0.00493
0.0054
0.00541
0.00545
0.00562
0.00565
0.00591
0.00598
0.00598
0.00628
0.00638
0.00648
0.00672
0.00678
0.00752
0.00755
0.00764
0.0077
0.00784
0.00806
0.00813
0.00824
0.00846
0.00848
0.00897
0.00898
0.00905
0.00917
0.0092
0.0092
0.0095
0.00965
0.00967
0.01009
0.01013
0.01019
0.38008
0.01024
0.01043
0.01044
0.01072
0.01074
0.011
0.73091
0.01116
0.01117
0.01117
0.0112
0.01161
0.01165
0.01187
0.02047
0.01265
0.0128
0.01375
0.01464
0.01479
0.01483
0.01486
0.01524
0.01525
0.01539
0.01539
0.01546
0.01564
0.0159
0.01629
0.01636
0.01642
0.01658
0.01658
0.0166
0.53987
0.0168
0.01697
0.01699
0.01754
0.01774
0.01781
0.01794
0.1151
0.01821
0.01865
0.01872
0.01876
0.01893
0.01898
0.01921
0.74624
0.01951
0.01961
0.42228
0.01968
0.01992
0.01994
0.01998
0.02
0.0201
0.02015
0.02046
0.01227
0.01227
0.01227
0.02053
0.02059
0.02064
0.02066
0.02071
0.02102
0.02107
0.02107
0.02108
0.0211
0.02127
0.02128
0.02138
0.02142
0.02146
0.02155
0.02158
0.02169
0.0217
0.02177
0.02195
0.02199
0.02222
0.0226
0.02273
0.0231
0.02316
0.02349
0.02357
0.02369
0.02371
0.02394
0.02409
0.02413
0.02416
0.02423
0.1571
0.02496
0.02523
0.0253
0.02531
0.02542
0.02567
0.02622
0.02639
0.02657
0.02669
0.02693
0.02708
0.02714
0.02714
0.02734
0.02735
0.02753
0.02759
0.02771
0.02787
0.02804
0.02804
0.02813
0.02817
0.02826
0.02836
0.0284
0.92767
0.02879
0.02894
0.02906
0.02932
0.02957
0.02965
0.02969
0.02974
0.02988
0.03005
0.03026
0.0304
0.0305
0.03065
0.03081
0.03103
0.03112
0.03124
0.03126
0.03131
0.03132
0.0318
0.03215
0.03237
0.03267
0.03277
0.03281
0.03286
0.03294
0.03313
0.03313
0.03326
0.03349
0.03368
0.03396
0.03415
0.03421
0.03429
0.03434
0.03443
0.03486
0.03506
0.03507
0.03508
0.44537
0.44537
0.03563
0.03566
0.03575
0.03591
0.0363
0.03671
0.03702
0.03714
0.03715
0.03733
0.03736
0.03749
0.03758
0.03762
0.03783
0.03809
0.03819
0.03882
0.03888
0.03893
0.03896
0.039
0.03906
0.03928
0.0393
0.03932
0.03944
0.03947
0.03975
0.03979
0.03981
0.03983
0.03991
0.03997
0.45638
0.04018
0.04018
0.04039
0.04044
0.04059
0.04089
0.04093
0.04162
0.04175
0.04272
0.04287
0.04296
0.04349
0.04404
0.04414
0.71641
0.04471
0.04492
0.04505
0.04514
0.04538
0.04543
0.04561
0.04583
0.04586
0.32807
0.04594
0.04595
0.04605
0.04612
0.04613
0.04631
0.04638
0.04645
0.04683
0.04706
0.04707
0.04713
0.04727
0.04747
0.04774
0.04794
0.04808
0.04816
0.04841
0.04844
0.04853
0.04854
0.04874
0.04884
0.0492
0.04939
0.04948
0.04962
0.0499
0.04992
0.26379
0.05024
0.05064
0.0507
0.05073
0.20659
0.05084
0.05102
0.05134
0.05143
0.05153
0.0516
0.05161
0.05162
0.64246
0.05189
0.28374
0.05197
0.05209
0.05226
0.05241
0.05243
0.05252
0.05257
0.68762
0.05298
0.05306
0.05346
0.05399
0.05403
0.05407
0.05408
0.05415
0.05418
0.05434
0.0544
0.05441
0.05477
0.05492
0.78118
0.05562
0.05563
0.05566
0.89849
0.05587
0.05595
0.056
0.05605
0.05608
0.05613
0.05616
0.05622
0.0563
0.05641
0.05645
0.05664
0.05742
0.05762
0.05805
0.05839
0.05863
0.05876
0.05877
0.05892
0.05909
0.05916
0.0592
0.05943
0.05999
0.05999
0.06008
0.06011
0.06012
0.06018
0.06025
0.0603
0.06035
0.06062
0.06074
0.06085
0.06105
0.06106
0.06131
0.06139
0.06155
0.06181
0.06192
0.062
0.06202
0.06214
0.0622
0.06231
0.06255
0.06258
0.06265
0.06269
0.06304
0.0631
0.0631
0.06314
0.06315
0.06342
0.06355
0.57132
0.06358
0.0636
0.06361
0.0638
0.0642
0.06421
0.19242
0.06425
0.06428
0.06473
0.06502
0.06503
0.06505
0.06561
0.06562
0.06564
0.06594
0.06603
0.06611
0.06618
0.06634
0.06638
0.06666
0.06669
0.0669
0.06705
0.06742
0.06743
0.06777
0.06805
0.06807
0.06818
0.06829
0.06854
0.06877
0.06898
0.06913
0.06919
0.06959
0.06974
0.07005
0.0701
0.07011
0.07025
0.07051
0.42447
0.07078
0.07116
0.07127
0.0713
0.07134
0.07135
0.07166
0.07196
0.07205
0.07208
0.07238
0.07255
0.07284
0.07302
0.07304
0.07311
0.07332
0.07361
0.07372
0.07388
0.0739
0.07398
0.07409
0.07414
0.07449
0.0746
0.07485
0.07501
0.0751
0.07559
0.07566
0.0758
0.0762
0.07629
0.07657
0.0767
0.07691
0.07691
0.07721
0.0773
0.07774
0.07777
0.07796
0.07799
0.07848
0.07862
0.07875
0.0789
0.0791
0.07938
0.07968
0.07972
0.07988
0.08001
0.08009
0.08014
0.08019
0.08029
0.08029
0.0804
0.08071
0.0811
0.08118
0.08137
0.08138
0.08147
0.08147
0.08155
0.37165
0.08244
0.08248
0.08291
0.08296
0.083
0.08302
0.08322
0.08335
0.08352
0.08375
0.08407
0.80001
0.0843
0.08431
0.08447
0.0845
0.0845
0.08483
0.08485
0.08485
0.08505
0.08521
0.08524
0.16247
0.0855
0.08554
0.08581
0.08602
0.08618
0.08659
0.08676
0.08681
0.08692
0.0871
0.08734
0.08743
0.08747
0.08747
0.64517
0.08776
0.08806
0.08817
0.08818
0.08864
0.08887
0.08891
0.08895
0.08904
0.08918
0.08943
0.08968
0.08974
0.09018
0.09065
0.09066
0.09094
0.09102
0.09107
0.09148
0.0917
0.09174
0.092
0.09236
0.09266
0.09278
0.09288
0.09341
0.09351
0.09353
0.09358
0.09402
0.09408
0.09438
0.09443
0.77213
0.09459
0.4861
0.09492
0.09519
0.0957
0.09573
0.09579
0.09592
0.0961
0.09632
0.09639
0.09683
0.09721
0.09744
0.09751
0.0976
0.09768
0.0978
0.09791
0.0982
0.09832
0.09845
0.09873
0.09877
0.51515
0.09904
0.09906
0.09921
0.09931
0.09936
0.09953
0.09977
0.09997
0.10001
0.10027
0.10061
0.10083
0.10084
0.10118
0.10127
0.10129
0.10157
0.10195
0.89524
0.10257
0.10294
0.10309
0.10312
0.10339
0.10342
0.10381
0.10385
0.10403
0.10415
0.10442
0.10443
0.10454
0.10455
0.10462
0.10474
0.10483
0.10483
0.10486
0.10489
0.10511
0.10515
0.10528
0.10548
0.10557
0.10566
0.10587
0.10604
0.1063
0.10643
0.10643
0.10736
0.70622
0.10742
0.10745
0.10745
0.10768
0.10777
0.46618
0.10807
0.10841
0.10861
0.10874
0.10895
0.10909
0.10935
0.10935
0.10941
0.10945
0.10969
0.10973
0.10997
0.11001
0.11013
0.1102
0.11044
0.11055
0.11093
0.11095
0.11111
0.11154
0.11159
0.11163
0.11196
0.45285
0.11244
0.11246
0.11256
0.11275
0.11299
0.11299
0.11336
0.11337
0.11373
0.114
0.11401
0.11434
0.11453
0.11464
0.1147
0.11471
0.11506
0.01811
0.11545
0.11546
0.11548
0.11561
0.11607
0.11619
0.1163
0.11649
0.11654
0.11661
0.11685
0.11687
0.11696
0.54297
0.11737
0.11739
0.11747
0.11811
0.11829
0.11835
0.11844
0.11851
0.11893
0.11904
0.11919
0.11951
0.11955
0.11997
0.12001
0.12065
0.12094
0.12109
0.12114
0.12119
0.12137
0.12146
0.1217
0.12179
0.12182
0.12185
0.12186
0.12186
0.12204
0.12206
0.12206
0.12222
0.12227
0.12231
0.12233
0.12239
0.85387
0.12262
0.12272
0.12278
0.12278
0.1229
0.12294
0.123
0.12316
0.12343
0.12389
0.1242
0.12435
0.12441
0.12469
0.12474
0.12512
0.12514
0.12519
0.12546
0.12551
0.72497
0.12588
0.12625
0.12629
0.12641
0.12671
0.12692
0.12697
0.12734
0.12752
0.12785
0.12796
0.1281
0.12817
0.12829
0.12831
0.12852
0.12859
0.1286
0.12863
0.12864
0.12874
0.12884
0.12893
0.12901
0.12924
0.12929
0.12954
0.12976
0.3843
0.3843
0.12991
0.13018
0.13047
0.13048
0.13062
0.13062
0.1307
0.13082
0.13088
0.13089
0.13102
0.13105
0.13122
0.13151
0.13155
0.13156
0.25128
0.13172
0.13196
0.13202
0.13205
0.1324
0.13251
0.1326
0.13266
0.13266
0.13281
0.13315
0.13352
0.13404
0.13405
0.13429
0.13444
0.13457
0.13473
0.13492
0.13497
0.1351
0.13531
0.13542
0.13561
0.13586
0.13599
0.13607
0.13634
0.13644
0.1365
0.13651
0.13709
0.13727
0.13727
0.70443
0.13761
0.1378
0.13789
0.13801
0.13819
0.13826
0.1383
0.13887
0.13891
0.13895
0.13904
0.13906
0.1392
0.13935
0.13939
0.13968
0.2362
0.14011
0.14023
0.1403
0.14064
0.1408
0.14092
0.14099
0.14124
0.14136
0.1415
0.14182
0.14184
0.14201
0.14206
0.14214
0.1422
0.14226
0.14227
0.14261
0.14272
0.14311
0.14322
0.14343
0.14356
0.14359
0.1439
0.14393
0.14395
0.14395
0.14414
0.14419
0.14428
0.14466
0.14471
0.14472
0.14484
0.34913
0.14504
0.14508
0.14511
0.14516
0.14523
0.1454
0.14553
0.14556
0.14563
0.14573
0.14604
0.14613
0.14614
0.14618
0.14631
0.14639
0.14649
0.14651
0.14669
0.14687
0.14688
0.14699
0.14771
0.14803
0.14815
0.14822
0.1483
0.14831
0.14836
0.14887
0.14904
0.14908
0.1493
0.14935
0.14942
0.14943
0.14953
0.14953
0.14955
0.14958
0.14959
0.14962
0.14967
0.14975
0.14982
0.14988
0.15014
0.1503
0.15053
0.15076
0.15078
0.15116
0.15127
0.15141
0.15183
0.15212
0.15229
0.15244
0.15262
0.15262
0.15264
0.15279
0.15282
0.15292
0.15304
0.15319
0.15323
0.15363
0.15364
0.15393
0.15398
0.15407
0.15408
0.15427
0.15435
0.15458
0.15485
0.1549
0.15506
0.1552
0.15527
0.15529
0.15541
0.15583
0.15623
0.15626
0.15655
0.15658
0.15669
0.15675
0.15703
0.02447
0.15714
0.15749
0.15764
0.15765
0.83506
0.15776
0.15782
0.15797
0.15812
0.15813
0.15835
0.54037
0.15846
0.15847
0.15848
0.15872
0.1588
0.15881
0.15907
0.1594
0.15942
0.76654
0.15992
0.16002
0.16009
0.16017
0.16021
0.16058
0.1606
0.16065
0.16069
0.16069
0.16118
0.16132
0.16139
0.16143
0.16166
0.16176
0.16177
0.16187
0.16204
0.1622
0.16237
0.16241
0.77092
0.16258
0.16263
0.16275
0.16284
0.1629
0.16293
0.16325
0.16338
0.34377
0.64827
0.16371
0.16372
0.16378
0.1638
0.16384
0.16421
0.16422
0.16448
0.16453
0.16466
0.1652
0.16543
0.16548
0.16548
0.16555
0.16557
0.16573
0.16576
0.166
0.16607
0.16621
0.16628
0.16629
0.16634
0.16644
0.16656
0.77002
0.40099
0.1671
0.16727
0.16731
0.16736
0.16743
0.16768
0.1677
0.16802
0.16802
0.16823
0.16827
0.16838
0.16854
0.16863
0.16869
0.16934
0.16934
0.1699
0.17102
0.17125
0.17137
0.17192
0.17194
0.17198
0.17231
0.17258
0.17268
0.17278
0.1738
0.17405
0.17408
0.17413
0.17419
0.17432
0.17441
0.17467
0.17517
0.17523
0.1755
0.17563
0.17585
0.17611
0.17631
0.17673
0.1768
0.17734
0.17737
0.17752
0.17794
0.1781
0.17815
0.11224
0.11224
0.11224
0.17817
0.1782
0.17832
0.17832
0.17847
0.17867
0.17873
0.17901
0.17918
0.17925
0.17936
0.17967
0.18004
0.18024
0.18025
0.18048
0.18068
0.18088
0.28645
0.18096
0.18108
0.18126
0.1817
0.18174
0.18183
0.18185
0.18186
0.18205
0.18223
0.18233
0.18235
0.18246
0.1825
0.1825
0.18286
0.69132
0.18301
0.18308
0.18311
0.18353
0.18359
0.18366
0.18393
0.18394
0.18449
0.1847
0.18476
0.18478
0.18497
0.18512
0.18532
0.18546
0.18571
0.18582
0.18601
0.18615
0.18627
0.18635
0.18643
0.18648
0.18684
0.18702
0.1872
0.18721
0.18734
0.18796
0.18818
0.18846
0.18895
0.18897
0.18902
0.18903
0.18905
0.18929
0.18945
0.19006
0.19028
0.19038
0.19048
0.19053
0.19068
0.19074
0.1908
0.19086
0.19087
0.19088
0.1911
0.19124
0.19175
0.85599
0.19187
0.19226
0.19227
0.19228
0.06422
0.19248
0.19263
0.19283
0.19287
0.19297
0.19311
0.1933
0.19359
0.19371
0.19373
0.19381
0.19391
0.19423
0.19423
0.1944
0.19462
0.19465
0.19467
0.19476
0.195
0.19503
0.7629
0.19514
0.19522
0.19525
0.19526
0.19533
0.1956
0.19563
0.19598
0.19612
0.1965
0.19657
0.19666
0.19684
0.19692
0.197
0.19717
0.19731
0.19742
0.42355
0.19774
0.19791
0.19807
0.19817
0.19824
0.19825
0.19825
0.19826
0.19866
0.19868
0.76399
0.19896
0.19935
0.19943
0.19985
0.19992
0.19993
0.19998
0.20004
0.20023
0.51703
0.20027
0.20028
0.20075
0.20079
0.20086
0.2009
0.20098
0.20105
0.20121
0.20133
0.20156
0.20168
0.20168
0.20182
0.20201
0.20202
0.20203
0.20204
0.20215
0.20226
0.20266
0.20267
0.20293
0.20304
0.20314
0.20333
0.20339
0.20359
0.20372
0.20382
0.20386
0.20387
0.20391
0.20399
0.20407
0.2042
0.2043
0.2047
0.20473
0.20485
0.20503
0.20509
0.20513
0.20533
0.20552
0.20599
0.44157
0.20634
0.20639
0.05081
0.2067
0.2067
0.20677
0.20682
0.20696
0.20715
0.59842
0.20732
0.20733
0.20793
0.20799
0.20808
0.20819
0.20819
0.20822
0.7594
0.20847
0.2085
0.20852
0.20874
0.20878
0.20883
0.20909
0.20913
0.20917
0.20958
0.20969
0.20972
0.2098
0.21007
0.21024
0.21039
0.21085
0.21091
0.21132
0.21159
0.21167
0.21186
0.21199
0.21221
0.21224
0.21273
0.21279
0.21284
0.21299
0.21331
0.21336
0.222
0.21373
0.21383
0.21404
0.21411
0.21433
0.21461
0.21472
0.21492
0.21505
0.21507
0.21549
0.21555
0.21561
0.21561
0.2157
0.21576
0.21585
0.21596
0.21601
0.21652
0.21657
0.21668
0.2167
0.21698
0.21731
0.21752
0.21799
0.21819
0.21823
0.21837
0.48343
0.21862
0.21866
0.21868
0.21869
0.21874
0.32535
0.21934
0.21969
0.21988
0.22006
0.22023
0.22023
0.22053
0.2207
0.2209
0.22092
0.22103
0.22113
0.22139
0.22153
0.22153
0.22155
0.22155
0.22158
0.22159
0.22167
0.2217
0.22181
0.22189
0.22195
0.21348
0.22204
0.22205
0.22211
0.22234
0.22242
0.22268
0.22271
0.22274
0.22327
0.22338
0.2234
0.99775
0.22366
0.22372
0.22393
0.22396
0.22411
0.22418
0.22422
0.2245
0.22456
0.22486
0.22498
0.22528
0.22543
0.22568
0.2259
0.22595
0.22609
0.22614
0.22624
0.22653
0.22663
0.22697
0.22697
0.22711
0.22742
0.22757
0.22757
0.22758
0.22766
0.22779
0.22788
0.22797
0.228
0.22808
0.22818
0.22832
0.22851
0.22856
0.22859
0.22867
0.22869
0.22879
0.22911
0.22913
0.22922
0.22928
0.22931
0.22973
0.23062
0.23087
0.23101
0.33865
0.2316
0.23172
0.51157
0.23194
0.23195
0.23222
0.23244
0.23262
0.23267
0.23268
0.23297
0.23347
0.23354
0.2337
0.23372
0.23381
0.23385
0.23391
0.23416
0.23451
0.23453
0.23459
0.23479
0.23481
0.23486
0.23506
0.23538
0.2354
0.23544
0.23553
0.23576
0.2358
0.44127
0.44127
0.13979
0.23627
0.27586
0.23648
0.23658
0.23672
0.23684
0.23697
0.23714
0.23719
0.23775
0.23786
0.23807
0.23821
0.23835
0.23841
0.2393
0.23931
0.23931
0.2395
0.85378
0.85378
0.23967
0.24043
0.24048
0.24093
0.24108
0.24115
0.24129
0.24148
0.24181
0.242
0.24233
0.24251
0.24258
0.24323
0.24327
0.24352
0.24357
0.24359
0.24362
0.24394
0.244
0.24414
0.24447
0.24449
0.2446
0.24485
0.24497
0.24497
0.24525
0.24533
0.82327
0.24575
0.24582
0.24608
0.24676
0.24688
0.2469
0.24691
0.24771
0.24775
0.24783
0.248
0.24801
0.24807
0.2481
0.24831
0.24839
0.32845
0.24849
0.24853
0.24861
0.56403
0.24873
0.24879
0.24884
0.24897
0.24921
0.24925
0.24983
0.24983
0.2499
0.24997
0.25006
0.33824
0.25028
0.25029
0.25041
0.25063
0.25092
0.25103
0.13158
0.25158
0.25179
0.25221
0.25253
0.25268
0.2528
0.25289
0.25297
0.25299
0.25317
0.25322
0.25323
0.25329
0.25349
0.25353
0.25383
0.25385
0.25412
0.25417
0.25422
0.25476
0.25501
0.25509
0.25521
0.25526
0.25527
0.25549
0.2555
0.25554
0.25571
0.25611
0.25644
0.25657
0.25662
0.25675
0.25676
0.25701
0.25706
0.25752
0.25753
0.66317
0.25781
0.79653
0.25798
0.25846
0.25883
0.25887
0.25892
0.2594
0.25942
0.25945
0.25976
0.25978
0.2598
0.25995
0.26011
0.2602
0.29753
0.26062
0.26071
0.26086
0.55214
0.2614
0.2615
0.26151
0.26155
0.26168
0.2619
0.26213
0.26213
0.26226
0.26249
0.26255
0.26264
0.26276
0.2629
0.2629
0.2629
0.26303
0.26315
0.2632
0.2632
0.26342
0.2635
0.26355
0.2637
0.26377
0.04997
0.26388
0.26403
0.26425
0.26427
0.26436
0.2646
0.26478
0.26481
0.26483
0.2649
0.52181
0.26506
0.26532
0.26559
0.26559
0.26593
0.26597
0.266
0.60035
0.81043
0.26643
0.26645
0.26647
0.26647
0.26647
0.2668
0.26732
0.26732
0.26744
0.26768
0.26769
0.26772
0.26774
0.26816
0.26824
0.30612
0.26827
0.38847
0.26845
0.26847
0.26865
0.26865
0.26873
0.26896
0.26918
0.77993
0.26947
0.26967
0.26969
0.26979
0.26987
0.2699
0.27013
0.27027
0.27028
0.27028
0.27034
0.2706
0.2708
0.27085
0.27085
0.27089
0.27124
0.27127
0.27137
0.2715
0.2718
0.27186
0.27218
0.2723
0.27231
0.27234
0.27242
0.27244
0.27282
0.27286
0.27291
0.27292
0.27324
0.2737
0.27396
0.27398
0.27408
0.27409
0.27467
0.27494
0.27556
0.2756
0.27565
0.27568
0.27573
0.27584
0.23639
0.27592
0.27637
0.27648
0.27654
0.27663
0.27682
0.27701
0.27706
0.27708
0.27765
0.27776
0.27786
0.27789
0.27839
0.2784
0.27891
0.27901
0.27903
0.27924
0.27931
0.27943
0.27989
0.28029
0.28041
0.28055
0.2806
0.75542
0.90552
0.28084
0.28096
0.28106
0.2813
0.28133
0.28151
0.28176
0.28191
0.28198
0.28209
0.28213
0.28233
0.28258
0.28286
0.28291
0.28297
0.28332
0.28333
0.28343
0.28372
0.05193
0.2839
0.28398
0.284
0.74344
0.28413
0.28443
0.28517
0.28517
0.28519
0.28542
0.28568
0.28581
0.28607
0.18095
0.28646
0.28657
0.28672
0.28689
0.28692
0.28703
0.28767
0.28795
0.28797
0.28799
0.28801
0.28802
0.28811
0.28849
0.28883
0.28892
0.28907
0.28913
0.28921
0.28926
0.28937
0.28973
0.28996
0.29
0.29048
0.29076
0.29083
0.29101
0.29151
0.29152
0.29164
0.29174
0.62821
0.29249
0.29276
0.29286
0.29296
0.29302
0.29357
0.29362
0.2942
0.29476
0.29483
0.29487
0.29493
0.29493
0.29507
0.29519
0.29528
0.29535
0.29536
0.2954
0.29554
0.29569
0.29572
0.29572
0.2958
0.29587
0.29601
0.29619
0.29622
0.29622
0.29626
0.29633
0.29644
0.29648
0.29667
0.29673
0.29678
0.29687
0.29688
0.2969
0.29691
0.29708
0.29731
0.29743
0.29747
0.29749
0.26022
0.29757
0.29786
0.29804
0.29806
0.29814
0.29816
0.29817
0.29827
0.29861
0.29866
0.29884
0.98216
0.2993
0.29935
0.29947
0.2995
0.30017
0.30017
0.30021
0.30032
0.30033
0.30047
0.30053
0.30107
0.30108
0.30169
0.30174
0.302
0.30201
0.30258
0.3026
0.30264
0.30267
0.30286
0.30291
0.30312
0.30314
0.30335
0.30353
0.30371
0.30378
0.50383
0.30382
0.30389
0.30409
0.30419
0.30444
0.3045
0.30455
0.30529
0.30544
0.30553
0.30557
0.30572
0.30602
0.26825
0.30613
0.3065
0.30661
0.72928
0.30691
0.30718
0.30719
0.30722
0.30725
0.58018
0.3077
0.30773
0.30777
0.30785
0.30786
0.30787
0.30789
0.30806
0.30826
0.30854
0.30866
0.30877
0.30879
0.30882
0.30894
0.30916
0.30922
0.30935
0.30952
0.30973
0.30982
0.30988
0.30993
0.31018
0.31025
0.31027
0.31033
0.31033
0.80919
0.31088
0.31096
0.311
0.31116
0.31121
0.31125
0.31134
0.31145
0.31159
0.31166
0.31181
0.31183
0.31211
0.31217
0.31242
0.31264
0.31267
0.5791
0.5791
0.313
0.31301
0.31327
0.31342
0.31345
0.31348
0.3135
0.31351
0.31353
0.3136
0.31366
0.31379
0.31398
0.31398
0.31417
0.3143
0.31459
0.31461
0.31462
0.31467
0.31501
0.31501
0.31524
0.31534
0.31539
0.31544
0.31545
0.31575
0.31582
0.31584
0.31591
0.31591
0.3164
0.31705
0.31706
0.31706
0.31715
0.31727
0.31735
0.31743
0.31743
0.31761
0.31787
0.31793
0.31797
0.31799
0.31801
0.31803
0.31813
0.31815
0.31822
0.31826
0.31842
0.3186
0.74938
0.31881
0.31895
0.31917
0.31922
0.31932
0.31933
0.31934
0.64226
0.31952
0.31972
0.31998
0.32003
0.32007
0.3201
0.32021
0.32035
0.32037
0.32042
0.32046
0.32064
0.32074
0.32083
0.32089
0.3209
0.32106
0.32124
0.32125
0.32126
0.32144
0.32181
0.32227
0.32242
0.32244
0.32251
0.32256
0.32256
0.32259
0.32262
0.32273
0.32303
0.32303
0.32307
0.32326
0.32329
0.32344
0.32358
0.32368
0.32375
0.32388
0.32434
0.32437
0.32466
0.32487
0.32513
0.32526
0.32528
0.21906
0.21906
0.32543
0.32543
0.32584
0.59343
0.3261
0.32625
0.3264
0.32641
0.32654
0.32691
0.32722
0.32727
0.32734
0.32755
0.32768
0.32805
0.62798
0.32812
0.32825
0.32832
0.24847
0.32848
0.32858
0.32872
0.32894
0.32934
0.32942
0.32967
0.32987
0.32998
0.33001
0.33005
0.33012
0.33045
0.33053
0.33064
0.33069
0.33124
0.33171
0.33201
0.3322
0.33223
0.33258
0.3328
0.3331
0.3331
0.33316
0.33319
0.33323
0.33345
0.42949
0.33352
0.3337
0.3338
0.33386
0.33391
0.33404
0.33412
0.33419
0.33422
0.43424
0.33435
0.33444
0.33449
0.33451
0.33457
0.33493
0.33504
0.33552
0.33558
0.33561
0.33569
0.77658
0.33608
0.33663
0.33664
0.33679
0.337
0.33729
0.33745
0.33755
0.33762
0.33793
0.33799
0.33822
0.9588
0.33837
0.33837
0.2312
0.33881
0.33885
0.33898
0.33912
0.33914
0.33925
0.33945
0.33954
0.33972
0.33985
0.33985
0.33994
0.34029
0.34056
0.34062
0.34069
0.34096
0.3411
0.34131
0.34164
0.34168
0.34179
0.34182
0.34206
0.34212
0.34241
0.34248
0.34251
0.34273
0.34316
0.34316
0.34324
0.34361
0.34361
0.34362
0.16354
0.34385
0.34397
0.34404
0.34422
0.34422
0.34428
0.34467
0.34513
0.34514
0.34522
0.34532
0.34537
0.34555
0.34555
0.34558
0.34562
0.34596
0.34615
0.3464
0.34645
0.34651
0.3468
0.34698
0.34745
0.34796
0.34817
0.34824
0.34828
0.34842
0.34847
0.3486
0.34885
0.34898
0.34899
0.34905
0.14487
0.34928
0.34934
0.34936
0.34943
0.34958
0.35013
0.35043
0.59709
0.35061
0.35069
0.35112
0.35115
0.3515
0.3515
0.35197
0.352
0.35206
0.3525
0.35256
0.35287
0.35295
0.35299
0.353
0.35345
0.35358
0.35377
0.3538
0.35383
0.35406
0.60137
0.35458
0.35463
0.35482
0.3552
0.35529
0.35541
0.35558
0.35566
0.35592
0.356
0.35608
0.35614
0.35634
0.35673
0.35683
0.35689
0.35699
0.35701
0.35702
0.35717
0.35724
0.35742
0.35752
0.35763
0.3577
0.358
0.35805
0.35827
0.3583
0.35839
0.35866
0.35872
0.35873
0.35884
0.35884
0.35892
0.35892
0.35961
0.35996
0.3603
0.36031
0.36073
0.36073
0.36091
0.36099
0.36111
0.36119
0.36134
0.36142
0.36159
0.36159
0.36181
0.36194
0.36208
0.36238
0.36251
0.36253
0.36269
0.36273
0.36287
0.36294
0.36311
0.36314
0.36314
0.36315
0.36355
0.36385
0.36407
0.36439
0.36461
0.3647
0.36491
0.36581
0.36584
0.36602
0.36624
0.36659
0.36692
0.36705
0.36717
0.36731
0.36734
0.36746
0.36768
0.59333
0.36795
0.36806
0.36826
0.36832
0.36835
0.36842
0.36849
0.36852
0.36855
0.36864
0.36867
0.36871
0.36901
0.36915
0.36918
0.36957
0.36964
0.36966
0.36973
0.36976
0.36984
0.36984
0.36988
0.3699
0.37007
0.3703
0.37039
0.19506
0.37057
0.37058
0.88432
0.37088
0.37091
0.37091
0.37095
0.37117
0.37141
0.37151
0.3716
0.08158
0.37199
0.37213
0.37213
0.37271
0.37278
0.37281
0.37286
0.37296
0.37301
0.37314
0.37349
0.37357
0.37378
0.37389
0.37399
0.37404
0.85379
0.37438
0.37452
0.3746
0.37461
0.70247
0.37533
0.37545
0.37564
0.37576
0.37606
0.37618
0.37622
0.37635
0.37653
0.37665
0.37688
0.37751
0.37756
0.37772
0.37774
0.37787
0.378
0.37804
0.37814
0.37822
0.37841
0.37849
0.37864
0.37909
0.37921
0.3793
0.37932
0.37934
0.37935
0.37943
0.37978
0.37991
0.37999
0.38003
0.01022
0.38015
0.38024
0.38028
0.38072
0.98659
0.38087
0.38096
0.38098
0.381
0.38118
0.38121
0.38202
0.38219
0.3825
0.38259
0.38279
0.38282
0.38299
0.38307
0.38337
0.38338
0.38342
0.38351
0.38353
0.38425
0.12988
0.38446
0.38484
0.3852
0.38522
0.38536
0.38547
0.38555
0.38575
0.38583
0.3859
0.38593
0.38601
0.38601
0.38637
0.38638
0.38638
0.38642
0.38679
0.38692
0.38697
0.38698
0.38706
0.38712
0.38728
0.38734
0.65683
0.38781
0.38782
0.38795
0.38796
0.38824
0.38825
0.26838
0.38848
0.38925
0.3893
0.38944
0.38945
0.3896
0.3896
0.39004
0.3901
0.39033
0.39035
0.39044
0.39074
0.39074
0.39157
0.39182
0.39191
0.3921
0.39232
0.39233
0.39249
0.39253
0.3926
0.39271
0.39287
0.3929
0.39295
0.67046
0.39321
0.3934
0.3935
0.39367
0.39379
0.39387
0.39395
0.39415
0.39456
0.39461
0.39492
0.39493
0.395
0.39504
0.39514
0.39548
0.3962
0.39675
0.39685
0.39711
0.39735
0.39741
0.39745
0.39757
0.39763
0.39769
0.39769
0.3977
0.39793
0.39813
0.39813
0.39839
0.39841
0.39842
0.39844
0.39847
0.39863
0.39866
0.3987
0.39885
0.39896
0.39897
0.39897
0.39912
0.3992
0.39926
0.39935
0.39958
0.39978
0.40029
0.40043
0.40048
0.40062
0.40069
0.16683
0.40101
0.40111
0.40114
0.40119
0.40128
0.40136
0.40139
0.40139
0.40149
0.40152
0.40204
0.40208
0.40215
0.4023
0.40239
0.40242
0.40269
0.40274
0.40289
0.40297
0.40326
0.40327
0.4036
0.40362
0.40367
0.40387
0.40398
0.40444
0.40471
0.40487
0.40496
0.40508
0.40541
0.40575
0.40594
0.40615
0.40619
0.4062
0.40645
0.4065
0.40659
0.40731
0.40738
0.49422
0.40754
0.40766
0.4079
0.40792
0.40794
0.40801
0.40834
0.40845
0.40866
0.40873
0.40879
0.40887
0.40893
0.40896
0.69802
0.40914
0.40924
0.40929
0.40937
0.40939
0.4094
0.40941
0.40968
0.40987
0.40989
0.41012
0.41013
0.41029
0.41039
0.41046
0.41055
0.41057
0.41071
0.41088
0.41089
0.4112
0.67247
0.41149
0.41173
0.41188
0.41247
0.41256
0.41291
0.41296
0.413
0.4131
0.41356
0.41364
0.41391
0.41392
0.41394
0.4142
0.41421
0.41441
0.41447
0.74822
0.41461
0.41494
0.41497
0.415
0.4152
0.41529
0.41532
0.41557
0.41568
0.41573
0.41579
0.41594
0.41595
0.41621
0.41691
0.41691
0.41699
0.41705
0.4171
0.41739
0.41744
0.41745
0.41774
0.41778
0.4178
0.41781
0.41796
0.41798
0.41818
0.4182
0.41859
0.41859
0.41897
0.41899
0.419
0.41901
0.41916
0.41927
0.42001
0.42024
0.42028
0.42084
0.42105
0.42131
0.42132
0.63881
0.42134
0.42135
0.42141
0.42141
0.42145
0.4215
0.42156
0.42164
0.42169
0.42171
0.42183
0.42193
0.42205
0.42209
0.01965
0.42258
0.42271
0.42282
0.42287
0.42288
0.42302
0.42315
0.4232
0.42328
0.19763
0.42363
0.42365
0.42378
0.42411
0.42425
0.07073
0.42486
0.42503
0.4251
0.42526
0.42531
0.42542
0.4255
0.42552
0.42569
0.42579
0.4258
0.42581
0.42603
0.42611
0.42616
0.42619
0.42622
0.42631
0.42633
0.42635
0.4266
0.42661
0.42667
0.42689
0.42694
0.42696
0.42711
0.42728
0.63604
0.42761
0.42762
0.42798
0.42858
0.42875
0.42907
0.4292
0.42921
0.42934
0.42938
0.7216
0.33347
0.42955
0.42956
0.42969
0.42971
0.42971
0.42975
0.42976
0.43016
0.43038
0.43062
0.43066
0.43081
0.43091
0.43095
0.43104
0.43108
0.43112
0.43124
0.43134
0.43138
0.43139
0.43148
0.43149
0.43182
0.43193
0.48071
0.43242
0.43319
0.43328
0.43351
0.43361
0.33425
0.43437
0.43485
0.43508
0.43509
0.43519
0.43538
0.43544
0.4356
0.43565
0.43577
0.43631
0.43634
0.43646
0.97522
0.43663
0.43669
0.43685
0.43713
0.4372
0.43731
0.43741
0.43741
0.43741
0.43766
0.43772
0.43801
0.81492
0.43824
0.4385
0.43856
0.43872
0.43891
0.45579
0.43919
0.43921
0.43924
0.4393
0.43959
0.4398
0.44001
0.44019
0.4402
0.44025
0.44069
0.44074
0.44076
0.44094
0.44107
0.87703
0.44125
0.23593
0.44136
0.44144
0.44156
0.5353
0.5353
0.44164
0.44215
0.4423
0.44238
0.44242
0.44256
0.44271
0.44278
0.44316
0.44318
0.44333
0.44338
0.44343
0.44354
0.44365
0.44372
0.44391
0.4441
0.44425
0.44431
0.44451
0.44456
0.44506
0.44516
0.44522
0.03516
0.44541
0.44572
0.44609
0.44615
0.44625
0.44635
0.44669
0.44669
0.44713
0.4473
0.44736
0.44767
0.44778
0.44781
0.44786
0.44804
0.44836
0.44843
0.44845
0.44846
0.44848
0.44856
0.449
0.44914
0.80853
0.44933
0.44936
0.44937
0.44943
0.44963
0.44965
0.44979
0.44992
0.45023
0.45031
0.45077
0.45087
0.45095
0.4512
0.45126
0.45128
0.45132
0.45135
0.45139
0.45154
0.4517
0.45172
0.45192
0.45194
0.45226
0.45244
0.45264
0.17816
0.45293
0.45301
0.45314
0.45337
0.4534
0.45367
0.45371
0.45386
0.45389
0.45426
0.45435
0.4546
0.4547
0.45515
0.45517
0.45519
0.45541
0.45541
0.45571
0.45573
0.45577
0.43914
0.45596
0.45609
0.04001
0.45641
0.4566
0.45664
0.4569
0.45704
0.45717
0.45759
0.45824
0.45826
0.86923
0.45859
0.45866
0.45897
0.45897
0.4591
0.45919
0.45971
0.4601
0.4602
0.46024
0.46036
0.46038
0.4604
0.46043
0.46065
0.46091
0.461
0.46111
0.46126
0.46149
0.46159
0.4616
0.46177
0.46185
0.46194
0.46194
0.53755
0.46206
0.46206
0.46207
0.4621
0.46213
0.46231
0.4624
0.46267
0.46269
0.46282
0.46292
0.46306
0.46327
0.46328
0.4634
0.46343
0.46358
0.46365
0.46366
0.46368
0.46406
0.46413
0.46423
0.46427
0.46428
0.46452
0.46456
0.46466
0.46466
0.4649
0.46507
0.46508
0.46517
0.4655
0.46557
0.46591
0.10803
0.46632
0.46633
0.46664
0.46666
0.4668
0.46698
0.46715
0.46722
0.46752
0.46767
0.468
0.46803
0.46813
0.46823
0.46847
0.46849
0.46859
0.46908
0.46922
0.46952
0.46958
0.46959
0.88833
0.46963
0.46965
0.46974
0.46979
0.46988
0.4699
0.47002
0.4702
0.47037
0.4704
0.47043
0.47048
0.47069
0.47071
0.47109
0.47123
0.47141
0.47146
0.47151
0.47151
0.47154
0.47155
0.47167
0.47173
0.47209
0.47214
0.47234
0.47241
0.47275
0.47276
0.47314
0.47316
0.47382
0.47384
0.47393
0.47396
0.47402
0.47405
0.47416
0.47418
0.4743
0.47438
0.47453
0.47456
0.47456
0.47485
0.47491
0.47494
0.47504
0.47516
0.4752
0.47523
0.47529
0.47564
0.47567
0.47616
0.47623
0.47629
0.47637
0.47691
0.47695
0.47709
0.47715
0.47725
0.4773
0.4775
0.96064
0.96064
0.47801
0.4783
0.47893
0.47905
0.47914
0.47917
0.47919
0.47922
0.47924
0.47951
0.47984
0.64066
0.48008
0.48025
0.48029
0.48037
0.48045
0.48055
0.48057
0.48059
0.4322
0.48074
0.48097
0.48111
0.48119
0.48125
0.48232
0.48237
0.48257
0.48272
0.48282
0.48305
0.48312
0.48326
0.48338
0.21855
0.48355
0.48365
0.48366
0.48384
0.48401
0.48408
0.48413
0.48428
0.48433
0.48458
0.48459
0.81739
0.48492
0.48517
0.48525
0.4857
0.48589
0.48593
0.48595
0.09478
0.48626
0.48686
0.48688
0.48709
0.48723
0.48765
0.4877
0.48789
0.48808
0.48818
0.48827
0.48839
0.48847
0.48896
0.48917
0.48932
0.48935
0.48944
0.48958
0.48962
0.48965
0.48967
0.73934
0.48998
0.49011
0.49041
0.98181
0.49094
0.4912
0.49127
0.49131
0.49156
0.49191
0.49208
0.4921
0.49228
0.49236
0.49248
0.49251
0.49252
0.49253
0.49264
0.4927
0.49284
0.49288
0.49314
0.49316
0.49332
0.49336
0.49341
0.49358
0.49359
0.49368
0.49376
0.4939
0.49401
0.49411
0.49413
0.40747
0.49467
0.49488
0.49508
0.49565
0.49585
0.49588
0.49619
0.49645
0.49646
0.49651
0.49682
0.49695
0.49699
0.49705
0.49744
0.49744
0.49752
0.4976
0.4977
0.49771
0.49779
0.49792
0.49809
0.49815
0.4982
0.49853
0.49854
0.49877
0.49896
0.499
0.49922
0.49923
0.49935
0.49995
0.50038
0.50048
0.50065
0.50068
0.50077
0.50114
0.50115
0.50121
0.50122
0.50136
0.5016
0.5019
0.50211
0.50227
0.50227
0.50236
0.50251
0.50254
0.50261
0.50262
0.50266
0.50283
0.50283
0.50286
0.5032
0.50333
0.55169
0.50343
0.50364
0.30379
0.50393
0.50396
0.50403
0.50422
0.50444
0.50459
0.50474
0.50493
0.50494
0.50499
0.50527
0.50528
0.50552
0.50567
0.50596
0.50599
0.50629
0.50629
0.50645
0.5067
0.50672
0.5069
0.50697
0.50707
0.50713
0.50721
0.50763
0.50789
0.50823
0.50825
0.5083
0.50837
0.50859
0.5087
0.50873
0.50881
0.50889
0.50913
0.50914
0.50936
0.50953
0.50962
0.5097
0.50971
0.50984
0.50985
0.51003
0.51057
0.5106
0.5109
0.51097
0.51104
0.51108
0.51109
0.51112
0.51126
0.51129
0.51133
0.51136
0.23176
0.5116
0.51165
0.51166
0.51209
0.5121
0.51223
0.5123
0.51239
0.5124
0.51253
0.5127
0.51272
0.51278
0.51295
0.51297
0.51302
0.51311
0.51313
0.51331
0.51409
0.51417
0.51421
0.51427
0.51445
0.51453
0.51454
0.51462
0.51488
0.51491
0.09884
0.79276
0.51528
0.51551
0.51593
0.51616
0.51626
0.51666
0.51672
0.20025
0.51748
0.51754
0.5184
0.51841
0.51848
0.51867
0.5187
0.51873
0.51884
0.5189
0.519
0.51907
0.51933
0.51937
0.51939
0.51944
0.51954
0.51973
0.51973
0.51981
0.51985
0.51999
0.52021
0.52032
0.52044
0.52054
0.5206
0.5209
0.52091
0.52099
0.52105
0.52114
0.52135
0.5214
0.5214
0.52144
0.88237
0.11725
0.52161
0.26504
0.52186
0.99869
0.52217
0.52219
0.5222
0.52238
0.52284
0.5229
0.52356
0.52361
0.52367
0.52368
0.52391
0.52432
0.52448
0.5248
0.52493
0.52516
0.52517
0.5252
0.52529
0.52556
0.5257
0.5259
0.52607
0.52614
0.5263
0.52662
0.52663
0.52666
0.52675
0.52679
0.52721
0.52755
0.52769
0.52772
0.52774
0.52803
0.5282
0.52849
0.52855
0.52861
0.52861
0.52896
0.52899
0.52908
0.5291
0.52921
0.52926
0.52934
0.72296
0.52951
0.52954
0.52958
0.5297
0.52998
0.53002
0.53034
0.53034
0.53036
0.53038
0.5305
0.53097
0.53135
0.5314
0.98639
0.53197
0.53215
0.53245
0.53265
0.53265
0.53273
0.53277
0.53296
0.53301
0.53305
0.53349
0.5335
0.53355
0.53366
0.53381
0.53392
0.53395
0.53404
0.53415
0.53417
0.53482
0.53482
0.53501
0.53515
0.20625
0.53535
0.53559
0.53567
0.53567
0.53573
0.53575
0.53583
0.53596
0.53606
0.53612
0.53628
0.53636
0.53653
0.53727
0.46202
0.46202
0.53802
0.53837
0.53843
0.53846
0.53848
0.53849
0.53871
0.53879
0.53881
0.53885
0.53917
0.53921
0.53927
0.53934
0.53939
0.53946
0.01679
0.53992
0.53994
0.99357
0.54034
0.15845
0.54046
0.54049
0.5407
0.54101
0.9234
0.5414
0.54205
0.54254
0.54256
0.54261
0.54267
0.5427
0.54296
0.5216
0.54336
0.54338
0.54364
0.54388
0.54421
0.54436
0.54463
0.54497
0.54513
0.54521
0.54543
0.54546
0.54554
0.54581
0.54584
0.54624
0.54635
0.54643
0.54654
0.54662
0.54692
0.54703
0.5471
0.61521
0.54739
0.54765
0.5477
0.54791
0.54811
0.54842
0.54883
0.54889
0.54895
0.549
0.5495
0.54967
0.54978
0.54993
0.55037
0.55046
0.55057
0.55069
0.55075
0.55078
0.55079
0.55106
0.55125
0.55132
0.5516
0.55164
0.50335
0.55173
0.5519
0.55199
0.55211
0.96853
0.55234
0.55239
0.5524
0.99091
0.5532
0.55322
0.5534
0.55407
0.55471
0.55483
0.55503
0.55506
0.55575
0.55616
0.5562
0.55625
0.55652
0.55656
0.55665
0.55666
0.55669
0.55697
0.55717
0.55729
0.55735
0.55736
0.55739
0.55754
0.55767
0.55768
0.55773
0.55793
0.55811
0.55833
0.55839
0.55841
0.55848
0.5585
0.5585
0.55854
0.55864
0.55907
0.55935
0.55942
0.55943
0.55954
0.55956
0.55976
0.55988
0.56045
0.56053
0.56064
0.56094
0.56109
0.56125
0.56169
0.56169
0.72038
0.72038
0.56181
0.56195
0.562
0.56202
0.5621
0.56228
0.56253
0.56254
0.56299
0.56312
0.56316
0.56327
0.56336
0.56341
0.56348
0.56354
0.56362
0.56365
0.56386
0.56389
0.5639
0.24867
0.56409
0.56429
0.65256
0.56486
0.56499
0.56503
0.56517
0.56526
0.56535
0.56551
0.56575
0.56584
0.56589
0.56596
0.56598
0.56606
0.56686
0.56688
0.56694
0.567
0.56736
0.56739
0.56743
0.56744
0.56785
0.56801
0.56819
0.56829
0.56857
0.56879
0.56926
0.56954
0.56958
0.56963
0.5697
0.56983
0.56988
0.56994
0.57018
0.57025
0.5704
0.57055
0.57101
0.06356
0.57141
0.57142
0.57143
0.57171
0.57177
0.57223
0.57231
0.57234
0.57237
0.57244
0.57298
0.57301
0.57305
0.57321
0.57321
0.57323
0.57324
0.57327
0.57369
0.57372
0.57373
0.57382
0.57392
0.5742
0.57424
0.57437
0.57469
0.5748
0.57492
0.57502
0.57504
0.57511
0.5753
0.57539
0.57546
0.57581
0.57594
0.57594
0.57607
0.57624
0.57628
0.57635
0.57636
0.57672
0.57674
0.57724
0.57724
0.57729
0.5773
0.57734
0.57742
0.57752
0.57754
0.80019
0.57767
0.57769
0.57772
0.57779
0.57796
0.57806
0.5781
0.57813
0.5783
0.57846
0.57876
0.57888
0.57897
0.31276
0.57917
0.57943
0.5795
0.57953
0.57956
0.5796
0.57968
0.57974
0.57986
0.58001
0.58015
0.30734
0.58019
0.58025
0.58048
0.58049
0.58067
0.58069
0.58091
0.58113
0.58145
0.58161
0.5817
0.58184
0.58185
0.58227
0.58245
0.58249
0.58285
0.58319
0.5836
0.58403
0.58409
0.58439
0.58459
0.5847
0.58504
0.58509
0.58523
0.58529
0.58535
0.58537
0.58544
0.58558
0.58561
0.58563
0.58566
0.58568
0.58571
0.5861
0.58612
0.58664
0.58671
0.58674
0.58674
0.58674
0.58678
0.58683
0.58693
0.58704
0.58711
0.58713
0.58718
0.5873
0.58739
0.58747
0.58794
0.58797
0.58804
0.58815
0.58826
0.58831
0.58834
0.58842
0.58848
0.58883
0.58914
0.58915
0.58921
0.58936
0.58943
0.58945
0.58949
0.58952
0.58957
0.58965
0.59047
0.59054
0.59065
0.59065
0.59084
0.59116
0.59127
0.59161
0.59192
0.59199
0.59223
0.59224
0.59244
0.59245
0.59252
0.59259
0.59266
0.59317
0.59317
0.59318
0.59328
0.59329
0.36777
0.59335
0.59342
0.32598
0.59356
0.5938
0.59386
0.59396
0.59399
0.594
0.594
0.59438
0.59468
0.5947
0.59471
0.59477
0.59515
0.59536
0.59549
0.59641
0.59651
0.59679
0.35049
0.59712
0.59712
0.80803
0.59749
0.59772
0.59776
0.59778
0.59779
0.20731
0.59848
0.59856
0.5986
0.59864
0.59882
0.59884
0.599
0.59908
0.59923
0.59937
0.5999
0.59991
0.59994
0.60009
0.60012
0.60018
0.60023
0.26601
0.60036
0.60044
0.60069
0.60074
0.60081
0.60113
0.60124
0.60128
0.60129
0.35451
0.60149
0.60159
0.60175
0.60188
0.602
0.6021
0.60217
0.6022
0.6023
0.60239
0.60251
0.60272
0.60272
0.60303
0.60341
0.60354
0.60355
0.60365
0.6038
0.60403
0.60405
0.60417
0.60423
0.60437
0.6046
0.60462
0.60462
0.60476
0.60486
0.60502
0.60531
0.60537
0.60557
0.60561
0.60582
0.60596
0.6061
0.60655
0.60668
0.60673
0.60683
0.60684
0.60689
0.60717
0.60717
0.60718
0.60719
0.60725
0.60752
0.60813
0.60813
0.60815
0.60826
0.60827
0.60843
0.60869
0.609
0.609
0.60916
0.60926
0.6094
0.60946
0.60953
0.60957
0.60969
0.60969
0.60975
0.60986
0.60995
0.60998
0.61002
0.61042
0.61049
0.61061
0.61064
0.6107
0.61077
0.61088
0.61123
0.61125
0.6113
0.61167
0.61177
0.61186
0.61188
0.61189
0.61215
0.61222
0.6124
0.61241
0.61246
0.61263
0.61267
0.6128
0.61288
0.61301
0.61328
0.61333
0.61399
0.61465
0.61502
0.61504
0.69904
0.69904
0.69904
0.54714
0.61524
0.61552
0.61575
0.61578
0.61628
0.61632
0.61645
0.61656
0.61701
0.61718
0.61722
0.61766
0.61774
0.61793
0.61816
0.61822
0.61839
0.61852
0.61871
0.61943
0.6196
0.61964
0.61982
0.61991
0.61993
0.61996
0.61996
0.62029
0.62041
0.6207
0.62081
0.62081
0.62094
0.62109
0.62125
0.62151
0.62171
0.62178
0.6218
0.62185
0.62186
0.62218
0.6222
0.62248
0.62266
0.62269
0.62288
0.62293
0.62293
0.62323
0.62323
0.62326
0.62338
0.62347
0.62379
0.62395
0.62404
0.62418
0.94887
0.62446
0.62451
0.62485
0.62488
0.62514
0.62531
0.62548
0.62562
0.62573
0.62582
0.62612
0.62639
0.62671
0.62672
0.6268
0.6269
0.62692
0.62693
0.62701
0.62713
0.62715
0.6274
0.62745
0.6275
0.6276
0.62766
0.62767
0.62791
0.04591
0.628
0.7087
0.62818
0.29205
0.62825
0.62831
0.62831
0.62866
0.62875
0.62876
0.62921
0.62943
0.62959
0.6297
0.62979
0.62989
0.62993
0.63021
0.63063
0.63068
0.63088
0.63089
0.63096
0.63113
0.63117
0.63157
0.63158
0.63161
0.63167
0.76243
0.63195
0.63221
0.63229
0.63238
0.6325
0.6326
0.63261
0.63288
0.63293
0.63293
0.6332
0.63325
0.63338
0.63347
0.63358
0.63364
0.63366
0.63366
0.63375
0.63385
0.63396
0.63398
0.6343
0.63503
0.6351
0.63515
0.6353
0.63542
0.63548
0.63549
0.6356
0.63584
0.63596
0.75503
0.4275
0.63606
0.63624
0.63628
0.63642
0.63658
0.63676
0.63692
0.63699
0.637
0.63705
0.63709
0.63713
0.63752
0.63757
0.63773
0.63782
0.63789
0.63815
0.63844
0.63859
0.42133
0.63896
0.63917
0.63938
0.63992
0.64001
0.6404
0.00428
0.47991
0.64085
0.64086
0.64088
0.64125
0.64134
0.64145
0.64162
0.6418
0.6418
0.64182
0.64223
0.3194
0.64229
0.64233
0.64242
0.05184
0.64251
0.64262
0.67647
0.64282
0.64288
0.64317
0.64357
0.64366
0.64367
0.64382
0.64386
0.6439
0.64401
0.6444
0.6445
0.6445
0.64454
0.64462
0.64467
0.64491
0.08751
0.64532
0.6456
0.64575
0.64582
0.64626
0.64638
0.64647
0.64672
0.64679
0.6468
0.64688
0.64698
0.64708
0.64717
0.64734
0.64735
0.64741
0.64767
0.64791
0.64806
0.64821
0.16365
0.64835
0.64883
0.64891
0.64894
0.64912
0.64914
0.64917
0.6492
0.64927
0.64931
0.64931
0.64944
0.64949
0.64975
0.64978
0.64985
0.65016
0.65029
0.65029
0.65031
0.65047
0.6505
0.65056
0.65074
0.65075
0.65097
0.65107
0.65123
0.65131
0.6516
0.65165
0.65178
0.65204
0.65208
0.65208
0.65252
0.56466
0.65291
0.653
0.65307
0.65313
0.84027
0.65342
0.65354
0.65361
0.65369
0.65371
0.65387
0.65391
0.65397
0.65399
0.76518
0.65452
0.65461
0.65493
0.65494
0.65497
0.65498
0.65511
0.65514
0.65515
0.65544
0.65551
0.65575
0.65579
0.65579
0.65583
0.65618
0.65656
0.3877
0.65699
0.65705
0.65711
0.65714
0.65714
0.65734
0.65767
0.65776
0.65794
0.65794
0.65811
0.65815
0.65822
0.65828
0.6585
0.6586
0.65861
0.86795
0.65891
0.65895
0.65903
0.65905
0.6592
0.65923
0.65927
0.65939
0.65995
0.66026
0.66034
0.66055
0.66088
0.66132
0.66134
0.66137
0.66138
0.66162
0.66164
0.66182
0.66192
0.66266
0.66274
0.66297
0.2577
0.66357
0.66389
0.66389
0.66391
0.66407
0.66474
0.66485
0.66486
0.66489
0.66526
0.66546
0.66557
0.66572
0.66605
0.66621
0.66623
0.66635
0.6666
0.66667
0.66674
0.66693
0.66694
0.66701
0.66706
0.66725
0.66725
0.66731
0.66775
0.66798
0.66808
0.66821
0.66827
0.66838
0.66849
0.66872
0.66883
0.66896
0.66908
0.66913
0.66914
0.66962
0.66966
0.67012
0.67012
0.67025
0.39319
0.67085
0.67085
0.67097
0.67101
0.67106
0.67113
0.67115
0.67128
0.67134
0.67203
0.67213
0.67215
0.67222
0.41142
0.67262
0.67293
0.67301
0.67317
0.67347
0.67378
0.67415
0.67424
0.67425
0.67436
0.67442
0.67446
0.6745
0.67458
0.67495
0.67527
0.6753
0.67534
0.67538
0.67613
0.67622
0.67629
0.67633
0.64275
0.67649
0.67658
0.6768
0.67688
0.67705
0.67729
0.67751
0.67753
0.67773
0.67783
0.67792
0.67796
0.67838
0.67842
0.67872
0.67877
0.6788
0.67888
0.67892
0.67898
0.67909
0.67938
0.67946
0.67957
0.67962
0.67965
0.67972
0.6799
0.68005
0.68044
0.68061
0.6808
0.68099
0.68105
0.68117
0.68119
0.6812
0.68151
0.68171
0.68204
0.68217
0.68242
0.68268
0.68275
0.68294
0.68308
0.68367
0.68368
0.68378
0.68386
0.68421
0.68432
0.68479
0.68484
0.68492
0.68494
0.68526
0.6853
0.68565
0.68568
0.6857
0.68583
0.93993
0.68599
0.98989
0.98989
0.68682
0.68689
0.68753
0.68756
0.0528
0.688
0.68803
0.68861
0.68863
0.68868
0.68876
0.68876
0.68891
0.68916
0.68922
0.68951
0.68975
0.69025
0.69037
0.69056
0.69057
0.69063
0.18297
0.18297
0.69169
0.69169
0.6917
0.69195
0.69201
0.69213
0.69227
0.69238
0.69297
0.69361
0.69364
0.69401
0.69421
0.69428
0.69439
0.69467
0.69468
0.69472
0.69507
0.69543
0.69568
0.6957
0.69584
0.696
0.69619
0.69637
0.69647
0.69658
0.697
0.69706
0.6972
0.69725
0.69737
0.69756
0.69757
0.6977
0.69774
0.69797
0.4091
0.69826
0.69829
0.69844
0.69844
0.69852
0.69858
0.69894
0.74655
0.69927
0.6997
0.69989
0.69993
0.70004
0.70023
0.70042
0.70069
0.70088
0.70093
0.70122
0.7013
0.90052
0.70135
0.70146
0.70158
0.70163
0.70165
0.70195
0.70223
0.70243
0.37521
0.70285
0.70286
0.70324
0.70342
0.70363
0.70392
0.70396
0.70403
0.70412
0.70412
0.70432
0.70433
0.77688
0.70452
0.70457
0.7047
0.70478
0.70488
0.70521
0.70538
0.70538
0.70538
0.70543
0.70548
0.97486
0.70561
0.70575
0.70579
0.70586
0.70593
0.70599
0.10739
0.70674
0.70681
0.70686
0.70693
0.70716
0.70727
0.70741
0.70756
0.70787
0.70791
0.70816
0.70818
0.70826
0.70828
0.70849
0.70864
0.70868
0.62801
0.70876
0.7092
0.7092
0.70985
0.70988
0.70997
0.71009
0.71026
0.71027
0.71032
0.71034
0.71037
0.98084
0.71055
0.71073
0.71079
0.71084
0.711
0.711
0.71126
0.71149
0.71159
0.71168
0.7117
0.71179
0.71184
0.71207
0.71224
0.71229
0.71257
0.71275
0.71302
0.71332
0.71335
0.71371
0.71387
0.71399
0.71403
0.71423
0.71432
0.71445
0.71471
0.71473
0.71483
0.71483
0.71483
0.71498
0.71502
0.71504
0.71539
0.7155
0.71557
0.71578
0.71582
0.71595
0.71625
0.71637
0.7164
0.04457
0.71645
0.71656
0.71666
0.71702
0.7174
0.71763
0.71771
0.71815
0.71826
0.71844
0.71849
0.71886
0.71892
0.71906
0.71937
0.71944
0.71947
0.7196
0.71978
0.7198
0.72027
0.56173
0.72076
0.72114
0.72127
0.72135
0.72141
0.72153
0.42944
0.72172
0.72175
0.72193
0.72206
0.72207
0.72239
0.72265
0.72266
0.72287
0.72292
0.52949
0.72334
0.72342
0.72375
0.7238
0.72382
0.72389
0.72395
0.72396
0.72418
0.7246
0.72466
0.72468
0.12564
0.72514
0.72532
0.72533
0.72565
0.72607
0.72612
0.72626
0.72628
0.72662
0.72683
0.72715
0.72721
0.72755
0.72758
0.72837
0.72841
0.72869
0.72879
0.72885
0.72893
0.30677
0.72931
0.72934
0.72948
0.72952
0.72957
0.72975
0.72976
0.72979
0.72996
0.73009
0.73033
0.73036
0.73051
0.7306
0.01108
0.73094
0.73132
0.73133
0.73149
0.73151
0.73198
0.73208
0.73214
0.99144
0.73224
0.73232
0.73234
0.73254
0.73263
0.73279
0.733
0.73319
0.73334
0.73336
0.73348
0.73369
0.73403
0.73405
0.73429
0.7344
0.73448
0.73454
0.73464
0.73468
0.73503
0.73505
0.73552
0.73591
0.73605
0.73611
0.73636
0.73675
0.73694
0.73709
0.73779
0.7378
0.73788
0.73792
0.73803
0.73822
0.73826
0.73827
0.739
0.73908
0.73909
0.73915
0.48996
0.73936
0.73939
0.73945
0.73954
0.73959
0.73996
0.74004
0.74008
0.74045
0.74065
0.74074
0.74079
0.74085
0.74105
0.74116
0.74141
0.74144
0.74145
0.74159
0.74216
0.74219
0.74227
0.74256
0.74264
0.74284
0.74294
0.74301
0.74304
0.74327
0.28403
0.74347
0.74348
0.74351
0.7439
0.74392
0.74416
0.74427
0.74438
0.74468
0.74469
0.74492
0.74516
0.7453
0.74533
0.74536
0.7454
0.74542
0.74543
0.74544
0.74546
0.74552
0.74556
0.74565
0.74575
0.74601
0.01932
0.74627
0.7465
0.74651
0.61516
0.74691
0.74713
0.74731
0.74763
0.74808
0.7481
0.74815
0.74816
0.41448
0.74845
0.74849
0.7489
0.749
0.74909
0.74918
0.31878
0.74946
0.7496
0.74972
0.7501
0.75021
0.75035
0.75048
0.75083
0.75145
0.7515
0.7516
0.75177
0.75177
0.75196
0.75251
0.75253
0.75262
0.75263
0.75276
0.75285
0.75294
0.75295
0.75335
0.75346
0.75359
0.75375
0.75382
0.75392
0.75398
0.75426
0.75429
0.75448
0.75456
0.7546
0.75468
0.75469
0.755
0.63601
0.75505
0.75531
0.28061
0.28061
0.75555
0.75581
0.75588
0.75589
0.75596
0.75612
0.75625
0.75665
0.75688
0.75699
0.757
0.75748
0.75749
0.75763
0.75771
0.75798
0.75803
0.75825
0.75829
0.75834
0.7584
0.75845
0.75845
0.7586
0.75864
0.75889
0.75927
0.75927
0.20837
0.75962
0.75982
0.75992
0.76015
0.76019
0.76068
0.76082
0.76115
0.76135
0.76135
0.76142
0.76143
0.76168
0.76202
0.76213
0.76218
0.76224
0.7624
0.63178
0.7625
0.76251
0.76256
0.76266
0.76272
0.76281
0.76283
0.37046
0.76295
0.76295
0.76357
0.76359
0.76366
0.76371
0.76388
0.19875
0.76403
0.76411
0.7643
0.7644
0.76446
0.76469
0.76472
0.76475
0.76478
0.9814
0.76494
0.65436
0.76525
0.76566
0.76571
0.76581
0.76582
0.76596
0.7662
0.76625
0.76626
0.15955
0.76661
0.76664
0.76667
0.76695
0.7671
0.76735
0.7674
0.76801
0.76809
0.76817
0.76831
0.76849
0.7686
0.76868
0.76881
0.76893
0.76897
0.76932
0.76953
0.76973
0.76985
0.76987
0.16662
0.77006
0.77038
0.77041
0.77042
0.77045
0.77054
0.77075
0.77076
0.77077
0.08526
0.77134
0.7714
0.77192
0.77196
0.77196
0.77201
0.09445
0.77228
0.77254
0.77256
0.77259
0.77279
0.77291
0.77338
0.77362
0.77364
0.77369
0.77375
0.77377
0.77385
0.77388
0.77403
0.77414
0.77441
0.77445
0.77451
0.77455
0.7747
0.7747
0.77492
0.77517
0.77528
0.77533
0.77557
0.7758
0.77597
0.77624
0.77643
0.33572
0.77673
0.13743
0.77716
0.77721
0.77734
0.77752
0.77764
0.77772
0.77779
0.77787
0.77824
0.77845
0.77856
0.7787
0.77871
0.77874
0.77894
0.77901
0.77903
0.77982
0.26936
0.78003
0.78006
0.78024
0.78027
0.78059
0.78081
0.78111
0.05544
0.78136
0.78155
0.78163
0.78163
0.7817
0.78174
0.78188
0.78188
0.78216
0.78222
0.78237
0.78239
0.78247
0.78258
0.78262
0.78267
0.78269
0.78281
0.78302
0.78326
0.78337
0.78342
0.78376
0.78415
0.78422
0.78425
0.78444
0.78458
0.78497
0.78506
0.78521
0.78548
0.78556
0.87246
0.7857
0.78572
0.78611
0.78637
0.7864
0.78651
0.78655
0.78692
0.78713
0.78747
0.78751
0.78763
0.78768
0.78779
0.78785
0.78788
0.7879
0.78791
0.78794
0.78795
0.78806
0.78829
0.78835
0.78867
0.78872
0.78881
0.78881
0.789
0.78903
0.78924
0.78924
0.78933
0.78948
0.78957
0.78957
0.7896
0.79139
0.79148
0.7916
0.79167
0.79177
0.79186
0.79232
0.79237
0.79238
0.79266
0.51525
0.79289
0.7931
0.79315
0.79323
0.79335
0.79343
0.79346
0.7935
0.79358
0.79365
0.7939
0.79393
0.79395
0.79396
0.79422
0.79423
0.79437
0.79483
0.79491
0.79554
0.79554
0.79569
0.79577
0.79594
0.79607
0.7962
0.25792
0.79658
0.79684
0.79761
0.79773
0.79796
0.79825
0.79874
0.79887
0.79887
0.79906
0.79916
0.79917
0.79922
0.79927
0.79967
0.79969
0.79987
0.08409
0.57765
0.80023
0.80039
0.80045
0.80067
0.80076
0.80078
0.8011
0.8015
0.80151
0.80162
0.80211
0.80213
0.8022
0.80223
0.80245
0.80262
0.80268
0.8027
0.80302
0.80302
0.8032
0.80332
0.80334
0.80335
0.80344
0.80348
0.80357
0.80376
0.80401
0.80421
0.80423
0.80425
0.80427
0.80437
0.80443
0.80447
0.80449
0.80462
0.80949
0.80496
0.80496
0.80518
0.80529
0.80541
0.80563
0.80564
0.80578
0.80583
0.80585
0.80597
0.80604
0.80627
0.80643
0.80645
0.80715
0.80743
0.8077
0.80773
0.80781
0.59717
0.80806
0.80807
0.80826
0.8083
0.44931
0.80856
0.80867
0.80879
0.80884
0.80894
0.80904
0.80906
0.80913
0.31083
0.80481
0.80961
0.80967
0.80977
0.80978
0.8099
0.81004
0.81004
0.81008
0.8104
0.26617
0.81047
0.81108
0.81144
0.81154
0.81176
0.81215
0.81253
0.81259
0.81295
0.81326
0.81329
0.81352
0.81369
0.8137
0.81388
0.81389
0.81396
0.81418
0.81422
0.81465
0.81472
0.81485
0.43816
0.81495
0.81513
0.81533
0.81548
0.81572
0.81573
0.81579
0.8159
0.816
0.81613
0.81615
0.81634
0.81636
0.81637
0.81683
0.81704
0.81714
0.81722
0.81723
0.48473
0.81743
0.81761
0.81782
0.81828
0.81836
0.91058
0.8184
0.81843
0.81863
0.81872
0.81878
0.81879
0.81894
0.81897
0.81908
0.81925
0.81953
0.81964
0.81987
0.8201
0.82025
0.82047
0.82077
0.82097
0.82144
0.82155
0.82185
0.82266
0.82282
0.82285
0.82312
0.24546
0.82331
0.82332
0.82361
0.82396
0.82416
0.82431
0.82448
0.82467
0.82481
0.82481
0.8249
0.82495
0.82501
0.82502
0.82512
0.8253
0.82533
0.82537
0.8257
0.82573
0.82581
0.82609
0.82617
0.82653
0.82674
0.82682
0.82695
0.82696
0.82706
0.82709
0.82714
0.82743
0.82771
0.82793
0.82816
0.8283
0.82841
0.82853
0.82856
0.82863
0.82894
0.82905
0.82906
0.82906
0.82925
0.82951
0.82969
0.8297
0.83009
0.83067
0.83068
0.83088
0.83092
0.83098
0.831
0.83102
0.8311
0.83127
0.83221
0.83286
0.83304
0.83311
0.83321
0.83369
0.83374
0.83419
0.83422
0.83432
0.83443
0.83461
0.83466
0.83474
0.15768
0.83512
0.83513
0.83514
0.83517
0.83525
0.83525
0.83526
0.83551
0.8357
0.83605
0.83622
0.83666
0.83667
0.83669
0.83685
0.83715
0.83751
0.83775
0.8378
0.83793
0.83795
0.8381
0.8381
0.83851
0.83861
0.83869
0.83902
0.83904
0.83914
0.83914
0.8392
0.83928
0.83936
0.83957
0.83974
0.8398
0.65339
0.8403
0.8403
0.84069
0.84071
0.84088
0.84092
0.84099
0.84149
0.84153
0.84157
0.84187
0.84197
0.84236
0.84236
0.84247
0.84257
0.84263
0.84273
0.84279
0.84294
0.84297
0.84317
0.84323
0.84335
0.84347
0.84361
0.84365
0.84411
0.84416
0.84418
0.84425
0.84441
0.84471
0.84483
0.84484
0.84488
0.84541
0.84544
0.84565
0.84582
0.84605
0.84619
0.84622
0.84635
0.84674
0.84681
0.84718
0.84723
0.84742
0.84748
0.84766
0.84767
0.8478
0.84784
0.84806
0.84815
0.84816
0.84822
0.84836
0.84845
0.84915
0.84917
0.84946
0.84953
0.84957
0.84971
0.8498
0.84992
0.84994
0.84997
0.85011
0.85015
0.85018
0.8503
0.85031
0.8504
0.8504
0.85102
0.85131
0.8517
0.85178
0.852
0.85224
0.8523
0.85237
0.85245
0.85255
0.8526
0.85263
0.85307
0.8531
0.85311
0.85319
0.85335
0.85366
0.8537
0.2396
0.37416
0.37416
0.1225
0.85393
0.85426
0.8545
0.8546
0.8547
0.85477
0.85482
0.8552
0.85526
0.85555
0.85586
0.85591
0.85592
0.19183
0.85635
0.85651
0.8566
0.85682
0.85683
0.85687
0.8569
0.92851
0.85741
0.85744
0.8577
0.85783
0.85794
0.85816
0.85828
0.85828
0.85852
0.85861
0.85905
0.85935
0.85961
0.85963
0.85973
0.85977
0.85979
0.86025
0.86033
0.86045
0.86067
0.86075
0.86082
0.86085
0.86086
0.86121
0.86127
0.86164
0.86171
0.93057
0.8624
0.86262
0.86266
0.86271
0.86317
0.8632
0.86332
0.86332
0.86341
0.86348
0.86352
0.86358
0.86374
0.86415
0.86425
0.8644
0.8644
0.86445
0.86456
0.86471
0.86476
0.86483
0.86487
0.86516
0.86529
0.8653
0.86535
0.86536
0.8656
0.86577
0.86592
0.86615
0.8662
0.86629
0.86635
0.86644
0.86649
0.86659
0.86675
0.86685
0.86695
0.86698
0.86717
0.86771
0.86785
0.86787
0.6587
0.86801
0.86806
0.86846
0.86855
0.86915
0.45846
0.86934
0.86952
0.8696
0.86966
0.87435
0.86989
0.87002
0.87007
0.87037
0.87041
0.87045
0.8706
0.87061
0.94751
0.87073
0.87101
0.87111
0.8714
0.87162
0.87179
0.8718
0.8718
0.87186
0.26102
0.87202
0.87215
0.78567
0.87247
0.87251
0.87261
0.87283
0.87298
0.87344
0.87347
0.87362
0.87364
0.87395
0.87398
0.87405
0.87416
0.8743
0.86977
0.87459
0.87463
0.87488
0.87513
0.87516
0.87523
0.87576
0.87581
0.87585
0.87589
0.8761
0.87625
0.87674
0.87691
0.87692
0.87702
0.44109
0.87707
0.87713
0.8773
0.87743
0.87744
0.87748
0.87758
0.87761
0.87786
0.87817
0.8784
0.87878
0.87899
0.87906
0.8791
0.87968
0.87969
0.8801
0.88014
0.88025
0.88036
0.88037
0.88038
0.88049
0.88049
0.88054
0.88061
0.88075
0.88098
0.8812
0.88144
0.88147
0.88158
0.88171
0.88191
0.88199
0.88225
0.88227
0.52152
0.8824
0.88251
0.88256
0.88262
0.88266
0.883
0.88302
0.88336
0.88337
0.8834
0.88353
0.88359
0.88371
0.88372
0.88372
0.88393
0.88397
0.88398
0.88401
0.37061
0.88436
0.88489
0.88491
0.88497
0.88499
0.88549
0.8855
0.88564
0.88588
0.88591
0.886
0.88617
0.88619
0.88634
0.88646
0.88646
0.88672
0.88689
0.88697
0.88716
0.88736
0.88745
0.88753
0.88757
0.8878
0.8878
0.88783
0.88793
0.88802
0.88802
0.88819
0.88826
0.88831
0.46962
0.88848
0.88858
0.88912
0.88945
0.88951
0.89006
0.89018
0.89031
0.89034
0.8904
0.89051
0.89076
0.89077
0.89081
0.89096
0.89101
0.89119
0.89138
0.89158
0.89169
0.8917
0.89173
0.89179
0.89185
0.89196
0.89226
0.89235
0.89256
0.89271
0.8928
0.89282
0.89302
0.89367
0.89397
0.89405
0.89407
0.89431
0.89437
0.89482
0.89486
0.89489
0.89489
0.89494
0.89499
0.89521
0.89522
0.10226
0.89525
0.89575
0.89609
0.8963
0.89656
0.89687
0.89719
0.89723
0.89725
0.89737
0.89745
0.89773
0.89808
0.89822
0.89831
0.89846
0.05569
0.89856
0.89866
0.89894
0.89902
0.89902
0.89918
0.8992
0.89925
0.89932
0.89943
0.89965
0.89972
0.9
0.90002
0.90015
0.9003
0.90046
0.70132
0.70132
0.90061
0.90081
0.9011
0.90117
0.90119
0.90128
0.90136
0.90153
0.90159
0.9016
0.90172
0.90207
0.90217
0.90223
0.9024
0.90257
0.90266
0.90268
0.90279
0.90295
0.90311
0.90328
0.90347
0.90359
0.90397
0.90408
0.90427
0.90428
0.90436
0.9044
0.90441
0.90475
0.90496
0.90513
0.90519
0.90532
0.28064
0.9057
0.90572
0.90585
0.90619
0.9062
0.90645
0.90648
0.90661
0.90678
0.90707
0.90711
0.90717
0.90721
0.90727
0.90729
0.90743
0.90748
0.90754
0.90768
0.9077
0.90786
0.90796
0.90806
0.90808
0.90815
0.90824
0.90829
0.9083
0.90844
0.90866
0.90908
0.90911
0.90911
0.90917
0.90926
0.90945
0.90957
0.90965
0.90971
0.90997
0.91016
0.91038
0.91041
0.91043
0.91045
0.91052
0.81839
0.91073
0.91081
0.9109
0.91095
0.91098
0.91098
0.91102
0.91103
0.91122
0.91126
0.91152
0.91158
0.91161
0.91166
0.91174
0.91207
0.91209
0.91215
0.91224
0.91258
0.91265
0.91304
0.91323
0.91372
0.9138
0.91401
0.91402
0.91415
0.91422
0.91427
0.91449
0.91458
0.94994
0.94994
0.91501
0.91554
0.9156
0.91571
0.91589
0.91602
0.91616
0.91616
0.91618
0.91663
0.9167
0.91681
0.91709
0.91709
0.91735
0.91791
0.91794
0.91795
0.91804
0.91813
0.91823
0.91829
0.91846
0.91891
0.91912
0.91916
0.9193
0.9194
0.99235
0.91948
0.91958
0.91959
0.91977
0.92054
0.92063
0.92068
0.921
0.92108
0.92111
0.92124
0.92184
0.9222
0.92223
0.9224
0.92247
0.92247
0.92275
0.92281
0.92297
0.92327
0.92337
0.54103
0.92342
0.92359
0.92376
0.92381
0.92386
0.9239
0.92403
0.92405
0.92416
0.92422
0.92442
0.92462
0.92477
0.92531
0.92541
0.92555
0.92631
0.92643
0.92656
0.92662
0.92663
0.92677
0.92718
0.92728
0.92743
0.92744
0.92762
0.02858
0.92774
0.92782
0.92782
0.85695
0.9287
0.92901
0.92912
0.92929
0.92939
0.92942
0.93007
0.93011
0.93045
0.93047
0.93056
0.86228
0.93069
0.9307
0.93099
0.93119
0.93119
0.93122
0.93123
0.93157
0.93173
0.93181
0.93188
0.93208
0.93229
0.93244
0.93258
0.93261
0.93266
0.93288
0.93295
0.93304
0.93317
0.93348
0.93376
0.93376
0.93377
0.934
0.93403
0.93439
0.93439
0.93441
0.93442
0.93457
0.93488
0.93489
0.93496
0.93522
0.93534
0.93544
0.93545
0.9356
0.93568
0.9357
0.93578
0.93597
0.93606
0.9363
0.93658
0.93669
0.93675
0.93678
0.9368
0.9369
0.93697
0.93702
0.93708
0.93711
0.93715
0.93727
0.93729
0.93735
0.93749
0.93757
0.93766
0.93838
0.93839
0.93847
0.93862
0.93864
0.93872
0.93893
0.93896
0.93909
0.93926
0.93962
0.93991
0.68587
0.94003
0.94009
0.94031
0.94036
0.9405
0.94067
0.94124
0.94129
0.94145
0.94209
0.94228
0.94235
0.94293
0.94301
0.94327
0.94346
0.94352
0.94357
0.94368
0.9441
0.94417
0.94431
0.9451
0.94514
0.94521
0.94525
0.94539
0.94568
0.94586
0.94604
0.94621
0.94622
0.94629
0.94642
0.9468
0.94683
0.94683
0.94687
0.94694
0.94712
0.94713
0.87069
0.94752
0.9477
0.9478
0.94783
0.94792
0.94798
0.94812
0.94867
0.62423
0.94899
0.94904
0.94906
0.94907
0.94911
0.94919
0.94928
0.9493
0.94934
0.94936
0.94952
0.94961
0.91479
0.94997
0.95012
0.95038
0.95061
0.95073
0.95116
0.95133
0.95153
0.95178
0.95198
0.95203
0.95207
0.95226
0.95227
0.95227
0.95234
0.95252
0.95257
0.95277
0.95278
0.95288
0.95304
0.95304
0.95306
0.95311
0.95346
0.95353
0.95354
0.9536
0.95383
0.95392
0.95395
0.95401
0.95423
0.95429
0.9543
0.95436
0.9547
0.95475
0.95479
0.95509
0.95522
0.95532
0.9554
0.95584
0.95585
0.95609
0.95613
0.95656
0.95679
0.95682
0.95698
0.95743
0.95762
0.95769
0.95772
0.95805
0.95819
0.95823
0.9583
0.95833
0.95852
0.25012
0.95894
0.95896
0.95935
0.9598
0.95994
0.96009
0.96017
0.96031
0.9604
0.96056
0.47772
0.96065
0.96092
0.961
0.961
0.96109
0.96112
0.96127
0.96136
0.96141
0.96146
0.96182
0.96203
0.96208
0.96276
0.96289
0.96292
0.96304
0.96317
0.96318
0.96342
0.96346
0.96349
0.96358
0.96386
0.964
0.96417
0.96439
0.96445
0.96448
0.96451
0.96511
0.96515
0.96535
0.96588
0.96596
0.96606
0.96611
0.96621
0.96626
0.96628
0.96634
0.96645
0.96647
0.96647
0.96649
0.96655
0.96668
0.96689
0.96692
0.96724
0.96787
0.96793
0.96849
0.87197
0.96873
0.96875
0.969
0.96923
0.96939
0.96941
0.96942
0.96951
0.96975
0.96975
0.96983
0.97
0.97002
0.97031
0.97032
0.97046
0.9713
0.97176
0.97181
0.97191
0.97225
0.97263
0.97264
0.97268
0.9728
0.9728
0.97314
0.97314
0.97345
0.97351
0.9739
0.97416
0.97421
0.97426
0.97453
0.97457
0.97459
0.97459
0.97475
0.97478
0.70557
0.97498
0.43657
0.97545
0.97561
0.9757
0.97575
0.97616
0.97623
0.97629
0.97641
0.97648
0.97654
0.97659
0.97667
0.97679
0.97725
0.97738
0.97747
0.97755
0.97761
0.97782
0.97822
0.97874
0.97884
0.97918
0.97919
0.97935
0.97952
0.97982
0.97985
0.97992
0.97996
0.98015
0.98039
0.98067
0.98074
0.98074
0.71051
0.98106
0.98122
0.98122
0.7648
0.7648
0.49067
0.98195
0.98195
0.98209
0.29924
0.9823
0.98236
0.98246
0.98277
0.98285
0.98294
0.98321
0.98375
0.98381
0.98411
0.98426
0.98462
0.98469
0.98487
0.98498
0.98517
0.98519
0.98519
0.98542
0.98567
0.98596
0.98616
0.98616
0.98619
0.53189
0.98644
0.38084
0.98669
0.98683
0.98703
0.98705
0.98727
0.98736
0.98744
0.9876
0.9877
0.98773
0.98776
0.98795
0.98819
0.98846
0.99476
0.98893
0.98907
0.98907
0.98918
0.98931
0.68665
0.9899
0.99011
0.55287
0.99106
0.73216
0.99147
0.99149
0.99162
0.99163
0.99168
0.99199
0.99213
0.91944
0.99249
0.99254
0.99266
0.99291
0.99297
0.993
0.99315
0.99334
0.53997
0.99383
0.99415
0.99427
0.99436
0.99441
0.99442
0.99442
0.99451
0.9946
0.98872
0.99488
0.99492
0.99501
0.99513
0.99535
0.99601
0.99607
0.99614
0.99624
0.9967
0.99675
0.99682
0.99694
0.99694
0.99699
0.99715
0.99727
0.99729
0.9973
0.99747
0.99763
0.22361
0.22361
0.99791
0.99797
0.99825
0.5219
0.99883
0.99895
0.99905
0.99911
0.99933
0.99991
