0.0078
0.01334
0.02038
0.02148
0.04191
0.06223
0.06734
0.08289
0.08421
0.1106
0.15433
0.15544
0.16131
0.18179
0.18657
0.21392
0.2203
0.23117
0.26972
0.3133
0.31699
0.32287
0.32712
0.32739
0.33693
0.3455
0.34624
0.35131
0.36042
0.3638
0.36658
0.37002
0.3731
0.37665
0.3792
0.38026
0.38029
0.39461
0.40115
0.40955
0.4106
0.42702
0.42885
0.43835
0.43905
0.4549
0.4705
0.47204
0.49904
0.49976
0.51574
0.52552
0.53014
0.53446
0.56331
0.57351
0.58029
0.58203
0.58517
0.58799
0.5918
0.60248
0.61749
0.63021
0.63145
0.64415
0.64853
0.66097
0.6846
0.68598
0.70507
0.71051
0.72088
0.73655
0.73729
0.7553
0.80971
0.81238
0.81595
0.81793
0.83833
0.8443
0.85519
0.85795
0.85824
0.8647
0.88259
0.88405
0.90241
0.91093
0.91541
0.92453
0.95181
0.95604
0.96347
0.97324
0.97514
0.99092
0.99181
0.9924
