0.00098
0.00101
0.00102
0.00134
0.00145
0.00152
0.00156
0.00178
0.00183
0.00189
0.00281
0.00307
0.0033
0.00376
0.00408
0.00409
0.005
0.00536
0.00558
0.00559
0.00564
0.00615
0.00616
0.00638
0.0064
0.00655
0.0067
0.00706
0.00712
0.00753
0.00763
0.00807
0.00814
0.00814
0.00839
0.0086
0.00928
0.00943
0.0096
0.00979
0.0101
0.01011
0.01028
0.01035
0.01093
0.01128
0.01166
0.01176
0.01193
0.01221
0.01259
0.01265
0.01327
0.01331
0.01393
0.01408
0.01422
0.01428
0.01439
0.01451
0.01494
0.01509
0.01523
0.01572
0.0158
0.01596
0.01647
0.01662
0.01702
0.0173
0.01748
0.01759
0.01781
0.01808
0.0182
0.01821
0.01837
0.01846
0.01867
0.01868
0.01903
0.01956
0.01984
0.01996
0.02016
0.02037
0.02048
0.02054
0.02074
0.02084
0.02085
0.02097
0.02101
0.02135
0.02138
0.02143
0.02224
0.02284
0.0233
0.02352
0.02402
0.02413
0.02425
0.02442
0.02447
0.02453
0.02552
0.02574
0.02616
0.02679
0.02685
0.02729
0.02748
0.0279
0.02805
0.02811
0.02818
0.02858
0.02895
0.02902
0.02921
0.02925
0.0295
0.02954
0.02957
0.02987
0.03004
0.03042
0.03043
0.03051
0.03057
0.03059
0.03099
0.03121
0.03171
0.03176
0.03313
0.03318
0.03353
0.03354
0.03364
0.03402
0.03408
0.03424
0.03519
0.03522
0.0353
0.03564
0.03612
0.03615
0.03618
0.03626
0.03631
0.03635
0.03644
0.03653
0.03657
0.03685
0.03685
0.03706
0.03724
0.0376
0.03778
0.03784
0.03802
0.03807
0.03913
0.03922
0.03929
0.03934
0.03945
0.03947
0.03979
0.03982
0.03989
0.03989
0.03991
0.03994
0.04005
0.04009
0.04026
0.04029
0.04032
0.04037
0.04048
0.04079
0.04082
0.04092
0.04097
0.04141
0.04205
0.04255
0.04271
0.04284
0.04292
0.04327
0.04343
0.04367
0.04384
0.04398
0.04412
0.04419
0.04448
0.04459
0.0447
0.04479
0.04488
0.04494
0.04586
0.04586
0.04591
0.0465
0.04656
0.04679
0.04683
0.04739
0.04768
0.04811
0.04845
0.04856
0.04885
0.04903
0.04912
0.04919
0.0493
0.04939
0.04961
0.04963
0.05009
0.05024
0.05027
0.05033
0.05038
0.05069
0.0509
0.05093
0.05099
0.05113
0.05135
0.05147
0.05173
0.05174
0.05182
0.05198
0.05212
0.05213
0.05228
0.05243
0.05262
0.05269
0.05283
0.05305
0.0537
0.0537
0.05441
0.05444
0.05445
0.05446
0.05455
0.05491
0.05492
0.05626
0.05632
0.05665
0.05688
0.05708
0.05713
0.05727
0.05786
0.05794
0.05798
0.05804
0.05855
0.05856
0.05956
0.06029
0.0603
0.0603
0.06036
0.06057
0.06074
0.06089
0.06126
0.06149
0.06178
0.06213
0.0625
0.06271
0.06273
0.0629
0.06348
0.06371
0.06395
0.06406
0.06429
0.0643
0.06449
0.06458
0.06463
0.06494
0.06533
0.0655
0.06606
0.0661
0.06618
0.06618
0.06713
0.06733
0.06751
0.06761
0.06766
0.06776
0.06801
0.06802
0.06849
0.06886
0.06895
0.06908
0.06917
0.06974
0.06983
0.06992
0.07026
0.07026
0.07057
0.07084
0.07094
0.07097
0.07152
0.07195
0.07198
0.07257
0.07283
0.07289
0.073
0.07328
0.07387
0.0741
0.07412
0.07412
0.0746
0.07489
0.07544
0.07676
0.07688
0.07688
0.07706
0.07718
0.07722
0.07747
0.07761
0.07766
0.07771
0.07816
0.07846
0.07867
0.07886
0.07912
0.07912
0.07943
0.07946
0.07956
0.08
0.08
0.08024
0.08027
0.08035
0.08041
0.08051
0.08055
0.0806
0.08077
0.08122
0.08183
0.08184
0.08194
0.08209
0.08229
0.08241
0.08247
0.08259
0.08279
0.08285
0.08328
0.08334
0.08366
0.08382
0.0839
0.08397
0.08404
0.08406
0.08414
0.08429
0.08431
0.08457
0.08495
0.08526
0.08538
0.08542
0.08579
0.08596
0.08606
0.08621
0.08643
0.0868
0.08783
0.08797
0.088
0.08812
0.08849
0.08854
0.08871
0.08879
0.08889
0.08894
0.08915
0.08934
0.08936
0.08953
0.08964
0.08996
0.09005
0.09015
0.09048
0.09053
0.09069
0.09088
0.091
0.09118
0.09129
0.09185
0.0919
0.09201
0.09205
0.09209
0.09236
0.09265
0.09297
0.09335
0.09343
0.09361
0.09365
0.0938
0.09408
0.09418
0.09468
0.09483
0.09489
0.09502
0.09509
0.09517
0.09529
0.09572
0.09598
0.09656
0.09679
0.09711
0.0972
0.09747
0.09756
0.09761
0.09824
0.09835
0.09849
0.09898
0.09916
0.09972
0.09994
0.09995
0.10001
0.10004
0.10024
0.10113
0.10118
0.10129
0.10146
0.10162
0.10162
0.10174
0.1018
0.10193
0.1021
0.10226
0.10227
0.10252
0.10263
0.10269
0.10286
0.1029
0.10338
0.10348
0.10356
0.10361
0.10371
0.1044
0.10448
0.10461
0.10464
0.10487
0.10502
0.10515
0.10541
0.10557
0.10561
0.10561
0.1057
0.10579
0.10582
0.10594
0.10596
0.10603
0.10615
0.10663
0.10669
0.10694
0.10703
0.10732
0.1074
0.10756
0.10781
0.10785
0.10862
0.10867
0.1088
0.10928
0.1094
0.10945
0.10972
0.11007
0.1101
0.1102
0.11052
0.11112
0.11126
0.11137
0.11139
0.11201
0.11206
0.11227
0.11228
0.1124
0.11256
0.11276
0.11276
0.11288
0.1129
0.1138
0.1138
0.11413
0.1142
0.11422
0.11451
0.1146
0.11466
0.11515
0.11593
0.1164
0.11661
0.11699
0.11751
0.11754
0.1178
0.1179
0.11792
0.11819
0.1182
0.11835
0.11863
0.11918
0.11919
0.11921
0.11931
0.11966
0.11982
0.11988
0.12047
0.12064
0.12066
0.12069
0.1209
0.1212
0.1217
0.12171
0.12185
0.12206
0.12228
0.12231
0.12277
0.12316
0.12333
0.12344
0.1236
0.12393
0.12403
0.12522
0.1254
0.12546
0.12555
0.12604
0.12616
0.12622
0.1265
0.12683
0.12724
0.12738
0.12741
0.12763
0.12798
0.1288
0.12899
0.129
0.12931
0.12932
0.12935
0.12957
0.1297
0.13004
0.13026
0.13043
0.13115
0.13129
0.13153
0.13165
0.13198
0.13203
0.13261
0.13269
0.1327
0.13272
0.13282
0.13307
0.13307
0.13308
0.13329
0.13334
0.13346
0.13365
0.13437
0.13443
0.13456
0.13502
0.13509
0.13559
0.13562
0.13564
0.1362
0.13672
0.13695
0.13721
0.1375
0.13765
0.13783
0.13887
0.13898
0.13899
0.13975
0.14016
0.1402
0.14033
0.1405
0.14077
0.14084
0.14121
0.1413
0.14153
0.14172
0.14184
0.14221
0.14235
0.14241
0.14246
0.14256
0.14282
0.14326
0.14354
0.14368
0.14378
0.14418
0.1444
0.14444
0.14483
0.14503
0.1457
0.14598
0.14615
0.14625
0.14675
0.14677
0.14684
0.14727
0.14754
0.14776
0.14777
0.14803
0.14807
0.14817
0.14866
0.14866
0.14871
0.14883
0.14904
0.14915
0.1493
0.14951
0.1498
0.15002
0.15005
0.15043
0.15071
0.15099
0.15116
0.15134
0.15151
0.15171
0.15197
0.15207
0.15218
0.1523
0.15255
0.15335
0.15341
0.15357
0.15372
0.15375
0.15394
0.15406
0.15408
0.15413
0.15425
0.15439
0.15439
0.15447
0.15474
0.15484
0.15499
0.15513
0.15538
0.15542
0.15591
0.15614
0.1564
0.15651
0.15652
0.15671
0.157
0.15707
0.15716
0.15787
0.15788
0.15797
0.15799
0.15804
0.15818
0.15821
0.15845
0.15881
0.15883
0.15905
0.15909
0.16004
0.16013
0.16137
0.16173
0.16207
0.16215
0.16219
0.16229
0.16238
0.16276
0.16353
0.16368
0.16405
0.16435
0.16452
0.16457
0.16465
0.16491
0.16497
0.16525
0.16537
0.1657
0.16613
0.16627
0.16631
0.16677
0.16704
0.1678
0.16795
0.16797
0.16881
0.16883
0.1693
0.16933
0.16944
0.1695
0.16964
0.16987
0.17011
0.17014
0.1705
0.1705
0.1706
0.17062
0.17075
0.17102
0.17132
0.17137
0.17139
0.17146
0.17181
0.17186
0.1721
0.17229
0.17237
0.17285
0.17337
0.1734
0.17352
0.17356
0.17412
0.17422
0.17431
0.17466
0.17498
0.17505
0.17521
0.17522
0.17533
0.17549
0.17561
0.17598
0.17629
0.17641
0.17699
0.17724
0.1775
0.17773
0.17774
0.17779
0.17781
0.17784
0.17803
0.17845
0.17867
0.179
0.17903
0.17964
0.17977
0.18017
0.18032
0.18046
0.18047
0.18097
0.18117
0.18119
0.18136
0.18152
0.18156
0.18156
0.18183
0.18189
0.18202
0.18219
0.18232
0.18233
0.18238
0.1825
0.18265
0.18269
0.18277
0.18292
0.18299
0.18301
0.18311
0.18314
0.18344
0.18379
0.18402
0.1842
0.18455
0.1847
0.18491
0.18495
0.18496
0.18498
0.18508
0.18518
0.18526
0.18541
0.18557
0.18563
0.1859
0.18607
0.18649
0.18693
0.18719
0.18859
0.18866
0.18909
0.18946
0.18947
0.1901
0.19022
0.19044
0.19047
0.19067
0.19077
0.19085
0.19102
0.19125
0.19132
0.19139
0.19153
0.19162
0.19187
0.19217
0.1922
0.19239
0.19261
0.19266
0.1927
0.19308
0.19377
0.19454
0.19494
0.19531
0.19543
0.19545
0.19565
0.19572
0.19653
0.19724
0.19751
0.19762
0.19765
0.19826
0.19833
0.19853
0.19881
0.19899
0.19936
0.1995
0.20031
0.20047
0.20061
0.20071
0.20091
0.20102
0.20128
0.20157
0.20161
0.20176
0.20189
0.20228
0.20263
0.20272
0.2037
0.20371
0.20374
0.20374
0.20375
0.20385
0.20399
0.20449
0.20477
0.20479
0.20528
0.20531
0.20545
0.20551
0.20573
0.20616
0.20642
0.20645
0.20653
0.20661
0.2068
0.20723
0.20731
0.20742
0.20772
0.20784
0.20792
0.20793
0.208
0.20803
0.20843
0.20844
0.2085
0.20857
0.20864
0.20868
0.2087
0.20895
0.2092
0.20945
0.20966
0.21001
0.21008
0.21042
0.21043
0.21056
0.2107
0.21096
0.21102
0.21117
0.21152
0.21155
0.21167
0.21193
0.212
0.21241
0.21307
0.21324
0.2134
0.21358
0.2139
0.21419
0.21426
0.21457
0.21458
0.21469
0.21487
0.21498
0.21574
0.21581
0.21596
0.21615
0.21625
0.21637
0.21644
0.21645
0.21671
0.21685
0.21703
0.2171
0.21722
0.21724
0.21741
0.21756
0.21826
0.21836
0.21846
0.21847
0.21853
0.21865
0.21882
0.2189
0.21941
0.21958
0.21985
0.21992
0.22031
0.22048
0.22054
0.22094
0.22099
0.22106
0.22132
0.22135
0.22142
0.22197
0.22214
0.22244
0.22278
0.22295
0.22357
0.22415
0.22453
0.22456
0.22472
0.22484
0.22487
0.22515
0.22523
0.22537
0.22539
0.22546
0.22581
0.22586
0.2262
0.22631
0.22638
0.22643
0.22648
0.22673
0.22748
0.22794
0.22812
0.22814
0.22853
0.22879
0.2295
0.23002
0.23036
0.23049
0.2309
0.23137
0.23193
0.23287
0.23293
0.23305
0.23307
0.23309
0.23313
0.23344
0.23371
0.23374
0.23383
0.23384
0.23394
0.23397
0.23412
0.2346
0.23464
0.23491
0.235
0.23506
0.23516
0.23548
0.23558
0.23561
0.23571
0.23592
0.23599
0.23646
0.23676
0.23696
0.23709
0.23716
0.23733
0.23736
0.23758
0.23765
0.23818
0.23824
0.2383
0.23863
0.23887
0.23913
0.23927
0.23944
0.23947
0.23968
0.23977
0.23987
0.23997
0.24033
0.2407
0.24114
0.24124
0.24125
0.24132
0.24142
0.24156
0.24166
0.24167
0.24228
0.24303
0.24357
0.24363
0.24374
0.24423
0.24424
0.24435
0.24459
0.24485
0.24487
0.24499
0.24513
0.24549
0.24553
0.2459
0.24596
0.24663
0.24721
0.2477
0.24826
0.24831
0.24862
0.24874
0.24881
0.24887
0.24895
0.24903
0.24922
0.24926
0.24944
0.24974
0.24977
0.25026
0.25121
0.25142
0.25143
0.25163
0.25165
0.25174
0.2519
0.25211
0.2525
0.25255
0.25257
0.25257
0.25281
0.25288
0.253
0.25314
0.25324
0.25381
0.25382
0.25396
0.25404
0.25415
0.25418
0.25432
0.2545
0.2545
0.25457
0.25491
0.25511
0.25516
0.2553
0.25546
0.25567
0.25589
0.25638
0.25651
0.25654
0.25667
0.25677
0.2568
0.25749
0.25759
0.25766
0.25773
0.25773
0.25796
0.25809
0.25833
0.25844
0.25847
0.2585
0.25872
0.25889
0.25899
0.25916
0.2594
0.2596
0.25963
0.26012
0.26027
0.26042
0.26064
0.26088
0.26099
0.26114
0.26146
0.26181
0.26184
0.26217
0.26233
0.26269
0.26298
0.26315
0.26356
0.26371
0.26371
0.26382
0.26414
0.26468
0.26476
0.26486
0.26512
0.26523
0.26524
0.26526
0.2657
0.26587
0.26611
0.26643
0.26664
0.26665
0.26672
0.26699
0.26753
0.2677
0.26783
0.26786
0.26799
0.26801
0.26817
0.26828
0.26887
0.26909
0.2691
0.26912
0.26928
0.26945
0.26959
0.26961
0.26965
0.26977
0.26978
0.2699
0.27008
0.27022
0.27042
0.27059
0.27105
0.2714
0.27159
0.27167
0.27266
0.27267
0.27273
0.27274
0.27302
0.27347
0.2738
0.27395
0.27423
0.27429
0.27443
0.27462
0.2747
0.2747
0.27502
0.27534
0.2758
0.27606
0.27619
0.27646
0.27653
0.27699
0.277
0.2771
0.27712
0.27719
0.27747
0.27758
0.27789
0.27809
0.27815
0.2785
0.27876
0.27902
0.27909
0.27943
0.28002
0.28014
0.28049
0.28078
0.28079
0.281
0.28105
0.2811
0.28111
0.28122
0.28131
0.28138
0.28147
0.28161
0.28246
0.28252
0.28258
0.28277
0.28287
0.28297
0.28312
0.28315
0.28318
0.28326
0.28328
0.28344
0.28361
0.28393
0.28399
0.28437
0.28466
0.28536
0.28564
0.28642
0.28643
0.28788
0.28794
0.28799
0.28813
0.28867
0.2889
0.28902
0.28906
0.28907
0.28926
0.28942
0.28956
0.28962
0.2899
0.28992
0.28995
0.29047
0.29062
0.29081
0.29093
0.29106
0.2912
0.29122
0.29144
0.29148
0.29182
0.29185
0.29217
0.2925
0.29261
0.29264
0.29275
0.29275
0.29284
0.29297
0.29298
0.29335
0.29348
0.29353
0.29416
0.29423
0.29431
0.29436
0.2944
0.29453
0.29467
0.29481
0.29484
0.2949
0.29501
0.29518
0.29523
0.29542
0.29554
0.29576
0.29579
0.29579
0.29591
0.29594
0.29625
0.29645
0.2966
0.29689
0.29724
0.29731
0.29769
0.29832
0.29889
0.29889
0.29923
0.29938
0.29939
0.29944
0.29951
0.29962
0.29977
0.29987
0.30008
0.30049
0.30053
0.30059
0.30115
0.30138
0.30156
0.30156
0.30167
0.30168
0.30183
0.30189
0.30199
0.30203
0.30229
0.30252
0.30257
0.30273
0.30283
0.30284
0.30284
0.30317
0.30389
0.30462
0.3047
0.30526
0.30528
0.30548
0.30558
0.30609
0.30664
0.30677
0.30678
0.30745
0.30756
0.30769
0.30772
0.30806
0.30825
0.30876
0.30888
0.30894
0.30912
0.30942
0.30968
0.3098
0.31084
0.31086
0.31109
0.3111
0.3112
0.3113
0.31139
0.31147
0.3117
0.3123
0.31234
0.3124
0.31244
0.31271
0.31286
0.3133
0.31342
0.31375
0.31423
0.31433
0.31454
0.31485
0.3151
0.31519
0.31553
0.31653
0.31687
0.31696
0.31703
0.31703
0.31711
0.3172
0.31735
0.31764
0.31787
0.31791
0.31802
0.31827
0.31841
0.31843
0.31864
0.31864
0.31866
0.31869
0.3188
0.31918
0.31923
0.3196
0.31963
0.32035
0.32054
0.32066
0.32072
0.32109
0.32148
0.32169
0.32185
0.3219
0.32194
0.32197
0.32214
0.32236
0.3225
0.32257
0.32264
0.32267
0.32293
0.32304
0.32323
0.32326
0.32357
0.32364
0.3239
0.32415
0.32565
0.32567
0.32584
0.32603
0.32607
0.32631
0.32643
0.32663
0.32667
0.32675
0.32677
0.32702
0.3273
0.32736
0.32737
0.32747
0.32753
0.32783
0.32787
0.32802
0.32825
0.32832
0.32839
0.32846
0.32851
0.32851
0.32865
0.32881
0.32887
0.32948
0.32957
0.32964
0.32987
0.33053
0.33062
0.33085
0.33088
0.33103
0.33127
0.33163
0.33174
0.33175
0.33209
0.3322
0.33265
0.33296
0.33359
0.3337
0.33375
0.33386
0.33414
0.3342
0.3346
0.33475
0.33488
0.33496
0.33505
0.33509
0.33524
0.33548
0.33563
0.33601
0.3361
0.33616
0.3364
0.33731
0.33806
0.3381
0.33832
0.33897
0.339
0.33939
0.33941
0.33954
0.33973
0.33981
0.33985
0.34007
0.34032
0.34062
0.34077
0.34078
0.34093
0.34149
0.34176
0.34184
0.34217
0.3426
0.34325
0.34334
0.34338
0.34339
0.34364
0.34405
0.34436
0.34449
0.34496
0.34497
0.34503
0.34509
0.3451
0.34531
0.34559
0.34586
0.34613
0.34621
0.34634
0.34666
0.34769
0.34807
0.34811
0.34838
0.34882
0.3489
0.34918
0.3492
0.34927
0.34944
0.35008
0.35022
0.35067
0.35079
0.3511
0.35114
0.35143
0.35152
0.352
0.35211
0.35286
0.3529
0.35348
0.35352
0.35369
0.35498
0.35501
0.35509
0.35525
0.35526
0.35529
0.35544
0.35555
0.35556
0.35584
0.3559
0.3562
0.3563
0.35647
0.35722
0.35725
0.35726
0.35781
0.35795
0.35812
0.35833
0.35917
0.35919
0.35931
0.35939
0.35952
0.35968
0.3597
0.36018
0.36047
0.36057
0.36058
0.36058
0.36059
0.36097
0.36104
0.36126
0.36144
0.36181
0.36191
0.36285
0.36293
0.36317
0.36342
0.36349
0.36353
0.36363
0.36387
0.36395
0.36411
0.36424
0.3643
0.3644
0.3646
0.3647
0.3649
0.36532
0.36542
0.3655
0.36558
0.36572
0.36573
0.36579
0.36666
0.36668
0.36684
0.36691
0.36713
0.36725
0.36737
0.36781
0.36806
0.36814
0.36826
0.36862
0.36891
0.36904
0.36905
0.36949
0.3695
0.36978
0.36979
0.36985
0.37007
0.37014
0.37021
0.37038
0.37069
0.37078
0.37078
0.37123
0.37125
0.37164
0.37167
0.37191
0.37201
0.37208
0.37248
0.37253
0.37254
0.37284
0.37309
0.3731
0.37316
0.37327
0.37346
0.37363
0.37368
0.37371
0.37376
0.37405
0.37449
0.37451
0.37462
0.37481
0.3749
0.375
0.37508
0.37521
0.3753
0.3754
0.37543
0.37597
0.37626
0.37637
0.37652
0.37675
0.37707
0.37745
0.37764
0.37769
0.37773
0.37801
0.37838
0.37863
0.3789
0.37907
0.37936
0.37984
0.37997
0.3801
0.38077
0.38119
0.38135
0.38142
0.38161
0.38174
0.38209
0.38219
0.38231
0.38246
0.38248
0.38252
0.38253
0.38275
0.38279
0.38296
0.38303
0.38323
0.38361
0.38404
0.38475
0.38479
0.38525
0.38633
0.38643
0.38646
0.38654
0.38692
0.38721
0.38731
0.38752
0.38761
0.38763
0.38766
0.38768
0.38778
0.38782
0.38787
0.38824
0.38832
0.38846
0.38847
0.38855
0.38883
0.3894
0.38957
0.38979
0.38983
0.39001
0.39012
0.39034
0.39043
0.39072
0.39086
0.39091
0.39102
0.39119
0.39126
0.39163
0.39169
0.39182
0.39224
0.39225
0.3923
0.39247
0.39271
0.39284
0.39293
0.39294
0.39305
0.39323
0.39382
0.39399
0.39416
0.39456
0.39457
0.39466
0.39472
0.39489
0.3954
0.39565
0.3957
0.39575
0.39593
0.39599
0.39603
0.39606
0.39661
0.39699
0.39741
0.39767
0.39784
0.39795
0.39798
0.39816
0.39821
0.39845
0.39847
0.3986
0.39914
0.39927
0.39965
0.39983
0.4
0.40043
0.40055
0.40076
0.40077
0.40095
0.40116
0.40132
0.40139
0.40139
0.40166
0.40172
0.40173
0.40183
0.40204
0.40219
0.40226
0.40263
0.40268
0.40285
0.40339
0.40356
0.40391
0.40427
0.40455
0.40475
0.40478
0.40499
0.40504
0.40532
0.40563
0.40599
0.40602
0.40629
0.40657
0.4066
0.40684
0.407
0.40717
0.40722
0.40743
0.40746
0.40746
0.40777
0.40785
0.4079
0.40812
0.40832
0.40879
0.40897
0.40916
0.40921
0.40925
0.40932
0.40952
0.40965
0.40985
0.40987
0.40987
0.40997
0.41039
0.4104
0.41056
0.41062
0.41075
0.41076
0.41086
0.411
0.41104
0.41121
0.41128
0.41139
0.41146
0.41164
0.41167
0.41172
0.4121
0.41223
0.41331
0.4134
0.41371
0.41371
0.41373
0.41403
0.41405
0.41466
0.41503
0.41504
0.4151
0.41519
0.41542
0.41546
0.41556
0.4167
0.41682
0.41691
0.4174
0.41745
0.41752
0.4177
0.41781
0.41793
0.41798
0.41805
0.41806
0.41827
0.41833
0.41837
0.41853
0.4188
0.41909
0.41923
0.41937
0.41969
0.41985
0.41997
0.42016
0.42028
0.42035
0.42046
0.42053
0.42054
0.42065
0.42089
0.42127
0.42163
0.42173
0.42174
0.42196
0.42294
0.42356
0.42361
0.42363
0.42375
0.42394
0.42397
0.424
0.424
0.42423
0.42424
0.42431
0.42458
0.42468
0.42476
0.42479
0.42481
0.4249
0.42512
0.42516
0.42521
0.42625
0.4263
0.42633
0.42668
0.42693
0.42736
0.42751
0.42752
0.4276
0.42776
0.42791
0.42793
0.42815
0.42856
0.42931
0.42933
0.42986
0.42995
0.43008
0.43018
0.43019
0.43039
0.43043
0.43043
0.43076
0.43076
0.43092
0.43102
0.43126
0.43131
0.43144
0.43151
0.43208
0.4322
0.43224
0.43284
0.43319
0.4332
0.43344
0.43369
0.43385
0.43406
0.43427
0.43441
0.43463
0.43465
0.43468
0.43468
0.4348
0.4348
0.43489
0.43495
0.43511
0.43515
0.43582
0.43604
0.43613
0.43627
0.43675
0.43677
0.43719
0.43721
0.43755
0.4378
0.43786
0.43814
0.43831
0.43844
0.43844
0.43884
0.43886
0.43888
0.4389
0.43896
0.4391
0.43915
0.43919
0.43968
0.44001
0.44005
0.44037
0.4406
0.44071
0.44094
0.44114
0.44191
0.44195
0.44243
0.44261
0.44282
0.44286
0.44299
0.44313
0.44316
0.44321
0.44342
0.44355
0.44355
0.44391
0.44395
0.44408
0.44443
0.44457
0.44462
0.44466
0.44515
0.44536
0.44547
0.44613
0.44619
0.44623
0.44644
0.44645
0.44658
0.44661
0.44677
0.44699
0.44748
0.44758
0.44775
0.44775
0.44814
0.4485
0.44871
0.44898
0.44951
0.44952
0.44979
0.44982
0.45018
0.45035
0.45046
0.45078
0.45082
0.45103
0.45103
0.45117
0.45138
0.45141
0.4518
0.45186
0.45209
0.45212
0.45229
0.45249
0.45291
0.45295
0.45311
0.45345
0.45355
0.45402
0.45408
0.45442
0.45451
0.4547
0.45533
0.45578
0.45628
0.45629
0.45685
0.45704
0.45706
0.45746
0.45748
0.45787
0.45798
0.45819
0.45972
0.46001
0.46015
0.46032
0.46038
0.46049
0.46059
0.4608
0.46116
0.46126
0.46147
0.46187
0.46237
0.46243
0.46251
0.46257
0.46261
0.46266
0.46288
0.46307
0.46328
0.46331
0.46372
0.46416
0.46418
0.4645
0.46458
0.46458
0.46497
0.46504
0.46549
0.46551
0.46575
0.46589
0.46696
0.46732
0.46738
0.46764
0.46787
0.468
0.46822
0.46822
0.4685
0.46862
0.46866
0.46915
0.46927
0.46952
0.46962
0.46995
0.46998
0.4704
0.47049
0.47078
0.47118
0.47144
0.47145
0.47154
0.47155
0.4717
0.47186
0.47187
0.47216
0.47234
0.4724
0.47263
0.47309
0.47317
0.47318
0.47399
0.47404
0.47425
0.47425
0.4745
0.47492
0.47493
0.47499
0.47512
0.47522
0.47527
0.47538
0.47576
0.4758
0.47593
0.47603
0.47621
0.47637
0.47656
0.47712
0.47726
0.47741
0.47743
0.47761
0.47794
0.47844
0.47887
0.47898
0.47912
0.47949
0.47973
0.47976
0.47984
0.47986
0.48007
0.48017
0.48045
0.4808
0.4808
0.48082
0.48087
0.48106
0.48113
0.48115
0.48124
0.48134
0.48207
0.4822
0.48225
0.48234
0.48312
0.48327
0.48345
0.48355
0.48364
0.48378
0.48396
0.48399
0.48405
0.48407
0.48417
0.48418
0.48471
0.4849
0.4849
0.48493
0.48496
0.48499
0.48625
0.48626
0.4866
0.48665
0.48694
0.48695
0.487
0.48726
0.48753
0.48755
0.48763
0.48875
0.48925
0.4893
0.48931
0.48932
0.48958
0.48969
0.48971
0.48994
0.49009
0.4902
0.49087
0.4912
0.49135
0.49145
0.49156
0.4916
0.49167
0.49172
0.49187
0.49216
0.49217
0.49233
0.49267
0.49279
0.49286
0.4929
0.49312
0.49319
0.49321
0.49334
0.49346
0.49396
0.494
0.49439
0.49481
0.49513
0.49515
0.4952
0.49524
0.49543
0.49562
0.49565
0.49569
0.49606
0.49623
0.49634
0.4965
0.49693
0.49723
0.49793
0.4982
0.49824
0.49845
0.49846
0.49866
0.49881
0.49894
0.49901
0.49903
0.49908
0.49908
0.49915
0.49923
0.49925
0.49943
0.49954
0.5007
0.50082
0.50083
0.50088
0.50154
0.50164
0.50185
0.5025
0.50252
0.50273
0.50304
0.50341
0.50342
0.50409
0.5044
0.50503
0.50532
0.50542
0.50542
0.50585
0.50592
0.50656
0.50679
0.50682
0.50696
0.50712
0.50714
0.50754
0.50756
0.50765
0.50793
0.50794
0.50826
0.50847
0.50849
0.5091
0.50919
0.50921
0.5093
0.51035
0.51105
0.51111
0.51124
0.51145
0.51162
0.51183
0.51252
0.51259
0.5129
0.51304
0.51317
0.5135
0.51392
0.51397
0.51477
0.5148
0.51518
0.51519
0.51525
0.51535
0.51539
0.51632
0.51664
0.51665
0.51696
0.51697
0.51719
0.51752
0.51763
0.51809
0.51824
0.51824
0.51852
0.5189
0.51894
0.51902
0.51907
0.51931
0.51944
0.51949
0.51968
0.5198
0.51984
0.51985
0.51987
0.52024
0.52025
0.52041
0.52057
0.52069
0.52081
0.52092
0.52103
0.5211
0.52111
0.52119
0.52126
0.52134
0.52152
0.52177
0.5218
0.52195
0.52205
0.52206
0.52268
0.52274
0.52277
0.52315
0.52318
0.52324
0.52327
0.52346
0.52357
0.52396
0.52396
0.52448
0.52466
0.52522
0.52538
0.52553
0.52614
0.52631
0.5264
0.52688
0.52692
0.52709
0.52741
0.52783
0.52792
0.52795
0.52801
0.52869
0.52893
0.52893
0.52927
0.52989
0.53006
0.53021
0.53023
0.53043
0.53063
0.53077
0.53091
0.53092
0.53096
0.53102
0.53116
0.53134
0.53201
0.53216
0.53216
0.53225
0.53232
0.53239
0.53247
0.5325
0.5326
0.53279
0.53292
0.53297
0.53306
0.53327
0.53334
0.53385
0.53405
0.53425
0.53436
0.53446
0.53461
0.53477
0.53497
0.53506
0.53515
0.53535
0.53568
0.53573
0.53582
0.53611
0.53614
0.53636
0.53638
0.53642
0.53673
0.53674
0.53678
0.53699
0.537
0.53741
0.53761
0.53765
0.53812
0.53825
0.53844
0.53853
0.53864
0.53864
0.53867
0.53871
0.53884
0.53886
0.5391
0.53925
0.53937
0.53939
0.53947
0.53955
0.53956
0.53959
0.53996
0.54013
0.54049
0.54123
0.54178
0.54184
0.54188
0.54189
0.54245
0.54268
0.54279
0.54306
0.54313
0.54333
0.54336
0.54344
0.54349
0.54349
0.54372
0.54374
0.54375
0.5438
0.5444
0.54503
0.5451
0.54521
0.54525
0.54566
0.54581
0.54588
0.54595
0.54619
0.5462
0.54633
0.54637
0.54719
0.54731
0.54732
0.54764
0.54831
0.54842
0.54859
0.54875
0.54882
0.54918
0.54936
0.54941
0.54956
0.54986
0.54987
0.54998
0.55036
0.55057
0.55121
0.55147
0.55148
0.55189
0.55203
0.55235
0.55236
0.55239
0.55245
0.55246
0.55264
0.55297
0.55299
0.5532
0.5532
0.55339
0.55361
0.55384
0.55406
0.55439
0.55443
0.55452
0.55464
0.5553
0.55553
0.5565
0.55667
0.55678
0.55713
0.55749
0.55758
0.55793
0.5581
0.55843
0.55876
0.55917
0.5593
0.55935
0.55953
0.55969
0.56003
0.56013
0.56038
0.56041
0.56061
0.56069
0.56118
0.56131
0.56188
0.56249
0.5628
0.56309
0.56349
0.56352
0.56359
0.56377
0.56423
0.56445
0.56448
0.565
0.56506
0.56541
0.56549
0.56559
0.56563
0.56567
0.56584
0.5659
0.56593
0.56625
0.56685
0.56706
0.5677
0.56783
0.56787
0.56814
0.56849
0.56872
0.56913
0.56946
0.56963
0.56965
0.56967
0.57084
0.57146
0.57178
0.57192
0.57205
0.5721
0.57213
0.57241
0.57253
0.57259
0.57269
0.57289
0.57333
0.57354
0.57368
0.57403
0.5743
0.57472
0.57498
0.57575
0.5758
0.57593
0.57643
0.57656
0.57661
0.57662
0.57696
0.57731
0.57731
0.5778
0.57799
0.57812
0.57825
0.57848
0.57859
0.57872
0.57915
0.57929
0.57978
0.58003
0.58044
0.58058
0.58097
0.58126
0.58141
0.5816
0.58173
0.58205
0.58206
0.58288
0.58302
0.58314
0.58351
0.58357
0.58357
0.58359
0.58439
0.5846
0.58468
0.58469
0.58516
0.58517
0.58536
0.58542
0.58559
0.5856
0.58575
0.5858
0.5859
0.58607
0.58654
0.5867
0.58687
0.58755
0.58796
0.58809
0.5882
0.58837
0.58879
0.58897
0.58917
0.58952
0.58964
0.58969
0.58978
0.58981
0.58986
0.58988
0.58998
0.59001
0.59009
0.59032
0.59042
0.59043
0.59046
0.59059
0.5906
0.59061
0.59066
0.59099
0.59122
0.59135
0.59145
0.59183
0.59187
0.59224
0.59232
0.593
0.5932
0.59321
0.59337
0.59338
0.59352
0.59354
0.59366
0.59382
0.59389
0.59394
0.59421
0.59441
0.59468
0.59472
0.59495
0.59505
0.59507
0.59509
0.5956
0.59564
0.59584
0.59591
0.59605
0.5969
0.59748
0.59784
0.59799
0.59815
0.59831
0.59894
0.59899
0.59921
0.59962
0.59966
0.59973
0.59979
0.60038
0.6004
0.60047
0.60053
0.60063
0.60069
0.6008
0.60082
0.60097
0.60122
0.60129
0.60169
0.60194
0.60195
0.60202
0.6023
0.60238
0.60241
0.60297
0.60301
0.60321
0.60347
0.60372
0.60383
0.60444
0.60449
0.60453
0.60457
0.60491
0.60492
0.60494
0.60495
0.60507
0.60553
0.60554
0.60599
0.60664
0.60704
0.60705
0.60705
0.6072
0.60721
0.60765
0.60803
0.60819
0.6082
0.60823
0.60846
0.60867
0.60869
0.60877
0.60894
0.60999
0.61
0.61001
0.61004
0.61009
0.61021
0.61027
0.61028
0.61031
0.61076
0.61119
0.61124
0.61128
0.61138
0.61155
0.61159
0.61164
0.61173
0.61177
0.61186
0.612
0.61214
0.61223
0.61245
0.61276
0.61289
0.61296
0.61393
0.61405
0.61417
0.61425
0.61436
0.61458
0.61464
0.61469
0.61474
0.61483
0.61499
0.61511
0.61525
0.61532
0.61578
0.61595
0.61643
0.61644
0.61644
0.61651
0.61703
0.61708
0.61712
0.61716
0.61716
0.61726
0.61752
0.61767
0.61775
0.61786
0.6181
0.61828
0.61833
0.61872
0.61885
0.61912
0.61954
0.61987
0.6199
0.62031
0.62045
0.6208
0.62087
0.62093
0.62101
0.62103
0.62142
0.62146
0.62157
0.62167
0.6218
0.62185
0.62187
0.62201
0.62317
0.62323
0.62386
0.62416
0.62428
0.62438
0.62472
0.62472
0.6249
0.62513
0.6253
0.62541
0.62573
0.62575
0.62578
0.62588
0.62594
0.62621
0.62687
0.62688
0.62706
0.62724
0.62747
0.62748
0.62762
0.62795
0.62802
0.62829
0.62841
0.62885
0.62919
0.62928
0.62937
0.62952
0.63003
0.63065
0.63067
0.63072
0.63135
0.6315
0.63198
0.63212
0.63216
0.63243
0.63271
0.63283
0.633
0.63317
0.63317
0.63319
0.63336
0.63342
0.63349
0.63354
0.63369
0.63372
0.63385
0.63444
0.63501
0.63525
0.63546
0.63556
0.63673
0.6368
0.63699
0.63717
0.63719
0.63749
0.63762
0.6377
0.63784
0.63787
0.63807
0.63821
0.63825
0.63835
0.63874
0.63882
0.63887
0.64011
0.64051
0.64062
0.64138
0.64147
0.6416
0.64193
0.64225
0.64227
0.64263
0.64276
0.6432
0.64321
0.64354
0.64354
0.64366
0.64374
0.64377
0.64411
0.64442
0.64446
0.64471
0.64471
0.64477
0.64566
0.64583
0.64589
0.64596
0.64651
0.64668
0.64711
0.64749
0.64752
0.64774
0.64794
0.64804
0.64819
0.6485
0.64864
0.64865
0.64925
0.64931
0.64963
0.6497
0.64983
0.64983
0.64984
0.6501
0.65057
0.65067
0.65106
0.65128
0.65132
0.65133
0.65194
0.65218
0.65227
0.65292
0.65303
0.65321
0.65329
0.65335
0.65363
0.65371
0.65375
0.65398
0.65453
0.65467
0.65475
0.65477
0.65502
0.65507
0.65545
0.65545
0.65556
0.65567
0.65572
0.65629
0.6563
0.65657
0.6567
0.65677
0.65684
0.65743
0.65798
0.65855
0.65865
0.659
0.65914
0.65918
0.65918
0.65919
0.65922
0.65922
0.65927
0.65931
0.65955
0.65984
0.65999
0.66023
0.66024
0.66025
0.66066
0.66087
0.66094
0.66107
0.66116
0.6612
0.66135
0.66202
0.66214
0.66222
0.66278
0.6628
0.66299
0.66324
0.6633
0.66337
0.66347
0.6635
0.66354
0.66386
0.66387
0.66395
0.66433
0.66442
0.66446
0.66451
0.66461
0.66472
0.66503
0.66504
0.66646
0.66651
0.66673
0.66691
0.66734
0.66749
0.66774
0.66808
0.66821
0.6684
0.66859
0.6686
0.66867
0.66904
0.66913
0.66914
0.6693
0.66936
0.66942
0.66949
0.66961
0.6697
0.66976
0.66992
0.67001
0.67017
0.67018
0.67049
0.67099
0.67128
0.67137
0.6714
0.67144
0.67154
0.67161
0.6718
0.67196
0.67219
0.6722
0.67234
0.67242
0.67254
0.67255
0.67357
0.67373
0.67386
0.67389
0.67394
0.6742
0.67518
0.67541
0.67574
0.67611
0.67611
0.67616
0.6762
0.67632
0.67642
0.67647
0.67656
0.67673
0.67687
0.67687
0.67696
0.67703
0.67706
0.67725
0.6774
0.67745
0.67748
0.67762
0.67766
0.67808
0.67811
0.6785
0.6788
0.67911
0.67938
0.67945
0.67977
0.68009
0.6801
0.68066
0.68069
0.68096
0.68121
0.68132
0.68136
0.68138
0.68139
0.68157
0.68165
0.68171
0.68203
0.68212
0.68237
0.68238
0.68239
0.6824
0.68335
0.68353
0.68353
0.68367
0.68378
0.68386
0.68416
0.68455
0.68475
0.68476
0.68503
0.68507
0.68555
0.68633
0.68639
0.6864
0.68673
0.68693
0.68694
0.6873
0.68744
0.68746
0.68755
0.68771
0.68779
0.68784
0.68797
0.688
0.688
0.6882
0.68825
0.68827
0.68839
0.68875
0.68923
0.68932
0.68971
0.68973
0.68981
0.68987
0.69017
0.69038
0.69042
0.69059
0.69073
0.69077
0.69082
0.69089
0.69106
0.69109
0.69143
0.69171
0.69191
0.69201
0.6922
0.69283
0.69285
0.69307
0.6931
0.6931
0.69331
0.69375
0.69437
0.6944
0.69461
0.6947
0.69483
0.69484
0.69501
0.6954
0.69549
0.69549
0.69585
0.69594
0.69651
0.69661
0.69671
0.69703
0.69715
0.69716
0.6975
0.69763
0.6977
0.69793
0.69864
0.69869
0.69887
0.69895
0.69906
0.69907
0.69913
0.69993
0.70005
0.70022
0.7004
0.70044
0.70045
0.70079
0.70085
0.70103
0.70109
0.70196
0.70201
0.70262
0.70266
0.70301
0.70302
0.70308
0.70312
0.70328
0.70335
0.70343
0.70351
0.70392
0.70414
0.70444
0.70479
0.70494
0.70496
0.70527
0.70534
0.70567
0.70587
0.70592
0.70608
0.70643
0.70646
0.70738
0.70836
0.70845
0.70847
0.70873
0.70891
0.70898
0.70907
0.70909
0.70972
0.70972
0.71002
0.71014
0.71084
0.71104
0.7113
0.71131
0.71162
0.71184
0.7122
0.71241
0.71283
0.7129
0.71344
0.71386
0.71422
0.7146
0.71461
0.71499
0.71509
0.7154
0.71545
0.71572
0.71601
0.71601
0.71606
0.71619
0.71627
0.71637
0.71646
0.7165
0.71699
0.71716
0.71719
0.71726
0.7181
0.71818
0.7184
0.71866
0.71883
0.71924
0.7193
0.71941
0.71992
0.72018
0.7204
0.72076
0.7208
0.72102
0.7218
0.722
0.7221
0.72243
0.72254
0.7228
0.72344
0.72345
0.72386
0.72428
0.72488
0.72507
0.72521
0.72543
0.72555
0.72587
0.72614
0.72693
0.72729
0.72738
0.72793
0.72873
0.7289
0.72903
0.72936
0.72936
0.72997
0.73061
0.73062
0.73083
0.73137
0.73145
0.73147
0.73154
0.73161
0.73173
0.73204
0.73205
0.73266
0.73343
0.73364
0.73387
0.73394
0.73394
0.73503
0.73506
0.7351
0.7351
0.73578
0.7365
0.73669
0.7368
0.73695
0.73703
0.73707
0.73708
0.73743
0.73745
0.73756
0.73774
0.73842
0.73866
0.73898
0.73912
0.73915
0.7393
0.73945
0.73948
0.73994
0.74019
0.74032
0.74068
0.74084
0.74106
0.74113
0.74136
0.74147
0.74157
0.74169
0.74204
0.74206
0.74238
0.74266
0.74267
0.74312
0.74347
0.74375
0.74378
0.74499
0.74504
0.74562
0.74613
0.74652
0.74673
0.74715
0.74738
0.74751
0.74808
0.74816
0.74828
0.74899
0.74925
0.74942
0.7499
0.7502
0.75027
0.75039
0.75071
0.75095
0.75134
0.75144
0.75145
0.75153
0.75167
0.75206
0.75285
0.75317
0.75368
0.75371
0.75397
0.75461
0.75482
0.75497
0.75505
0.75519
0.75523
0.75583
0.75608
0.75623
0.75636
0.75646
0.75649
0.75654
0.75661
0.75678
0.75687
0.75694
0.75704
0.75742
0.75749
0.7577
0.7577
0.75802
0.75804
0.7581
0.75819
0.7584
0.75873
0.75892
0.75929
0.75987
0.75987
0.75991
0.76022
0.76068
0.76092
0.76095
0.76103
0.76137
0.76173
0.76209
0.76245
0.76259
0.76267
0.76279
0.76283
0.76292
0.76293
0.76308
0.76315
0.76343
0.76345
0.76346
0.76376
0.76412
0.76444
0.76454
0.7646
0.76471
0.76472
0.76475
0.76486
0.76518
0.76609
0.76612
0.76655
0.76665
0.76688
0.767
0.76703
0.7673
0.76733
0.7674
0.76743
0.76808
0.76853
0.76888
0.7691
0.76926
0.76935
0.7697
0.7698
0.76993
0.76996
0.77001
0.77001
0.77012
0.77082
0.77087
0.771
0.77101
0.77146
0.77149
0.77153
0.77155
0.77174
0.77186
0.77195
0.77198
0.77199
0.77211
0.77212
0.77225
0.77233
0.77242
0.77282
0.77312
0.77313
0.77335
0.77347
0.7735
0.77365
0.77395
0.77458
0.77471
0.77497
0.77504
0.77535
0.77564
0.77604
0.77667
0.77688
0.77697
0.77727
0.77742
0.77752
0.77763
0.77773
0.77799
0.77832
0.77841
0.77858
0.77861
0.77877
0.77899
0.77923
0.77948
0.77951
0.77955
0.77961
0.77989
0.77996
0.77997
0.78013
0.78079
0.78125
0.78126
0.78142
0.78165
0.78223
0.78232
0.78268
0.78298
0.78314
0.78388
0.78389
0.78403
0.78419
0.78461
0.78465
0.7848
0.78522
0.78533
0.78554
0.78556
0.78561
0.78568
0.78572
0.78574
0.78574
0.78578
0.78587
0.78599
0.78663
0.78678
0.78689
0.78734
0.78746
0.78761
0.78804
0.7882
0.78838
0.78845
0.78849
0.7885
0.78874
0.78883
0.78911
0.7892
0.7895
0.78952
0.78963
0.78975
0.78977
0.78984
0.79003
0.7901
0.79018
0.79049
0.79074
0.79078
0.79084
0.79108
0.79116
0.79128
0.79131
0.79152
0.79155
0.79166
0.7919
0.79194
0.79203
0.79207
0.79215
0.79249
0.79256
0.79264
0.79264
0.79265
0.7928
0.79291
0.793
0.79306
0.7934
0.79341
0.79376
0.79394
0.79418
0.79432
0.79449
0.79455
0.7946
0.79461
0.79465
0.7948
0.79495
0.79509
0.79542
0.79567
0.79582
0.79614
0.79618
0.79619
0.79623
0.79627
0.79642
0.79648
0.79655
0.79663
0.79669
0.79705
0.79748
0.79758
0.79769
0.79773
0.79776
0.79806
0.79822
0.79835
0.79846
0.79893
0.79928
0.79954
0.79955
0.79964
0.79993
0.80008
0.80013
0.80019
0.8003
0.80034
0.80035
0.80047
0.80103
0.80131
0.80152
0.80153
0.80158
0.8017
0.80208
0.80232
0.80232
0.80233
0.80273
0.80301
0.80324
0.80343
0.8035
0.80421
0.80443
0.80448
0.80449
0.80466
0.80487
0.80566
0.80574
0.80574
0.80581
0.80594
0.80601
0.80603
0.80635
0.80687
0.80708
0.80726
0.80742
0.80765
0.80772
0.80788
0.80789
0.80804
0.80873
0.80898
0.80946
0.80954
0.80992
0.81013
0.8102
0.81026
0.81045
0.81046
0.81072
0.81077
0.81079
0.81091
0.81102
0.81121
0.8114
0.81156
0.81162
0.81218
0.81223
0.81238
0.81339
0.81353
0.81377
0.81403
0.81412
0.81423
0.81435
0.81477
0.81482
0.8149
0.81495
0.81526
0.81539
0.81547
0.81548
0.81548
0.8157
0.81591
0.81602
0.81602
0.81655
0.8166
0.81691
0.81694
0.81726
0.81753
0.81794
0.81817
0.81829
0.81856
0.81864
0.81874
0.81928
0.81938
0.81956
0.81965
0.81977
0.82034
0.82038
0.82046
0.82049
0.82051
0.82059
0.82075
0.82085
0.82091
0.8211
0.82187
0.8219
0.82197
0.82224
0.82225
0.82225
0.82269
0.82307
0.82332
0.8234
0.8234
0.82342
0.82349
0.82358
0.82363
0.82474
0.82494
0.82495
0.82539
0.82545
0.82559
0.82588
0.82617
0.82624
0.82657
0.82663
0.82676
0.82684
0.82709
0.82721
0.82734
0.82751
0.82758
0.82767
0.82798
0.82799
0.8283
0.82836
0.82838
0.82858
0.82867
0.82872
0.82898
0.82905
0.82924
0.82926
0.82938
0.82963
0.82972
0.82973
0.82979
0.82982
0.8303
0.83063
0.83074
0.83111
0.8312
0.83168
0.83204
0.8321
0.83228
0.8325
0.83255
0.83262
0.83266
0.83275
0.83308
0.83318
0.83343
0.83369
0.83386
0.83408
0.83418
0.83418
0.83419
0.83446
0.83455
0.83456
0.83463
0.83476
0.83481
0.83482
0.83504
0.83548
0.83561
0.83564
0.83567
0.83569
0.83619
0.83703
0.83723
0.83734
0.83759
0.83784
0.83815
0.83831
0.83873
0.83876
0.83897
0.8392
0.83926
0.83943
0.83961
0.83963
0.83971
0.83979
0.83996
0.84
0.84002
0.84037
0.84094
0.84094
0.84127
0.84128
0.84147
0.84184
0.8419
0.84207
0.84245
0.84257
0.84264
0.84288
0.84301
0.8431
0.84353
0.8438
0.84426
0.84445
0.84446
0.84466
0.84475
0.84493
0.84504
0.84524
0.8456
0.8458
0.8459
0.84592
0.84643
0.84646
0.84692
0.84735
0.84848
0.8485
0.84856
0.84865
0.84869
0.8487
0.84882
0.8491
0.84926
0.84936
0.84961
0.84985
0.84989
0.85003
0.85033
0.85075
0.85077
0.85118
0.85136
0.85149
0.85169
0.85189
0.85195
0.85204
0.85226
0.85237
0.85238
0.8525
0.85262
0.85281
0.85299
0.8531
0.85313
0.85316
0.85329
0.85355
0.85368
0.85368
0.85384
0.85402
0.85434
0.8544
0.85475
0.85503
0.85539
0.85603
0.85604
0.85622
0.85633
0.85678
0.85696
0.85701
0.85711
0.85721
0.85746
0.85752
0.85754
0.85805
0.85817
0.85842
0.85871
0.8593
0.8597
0.85971
0.86015
0.86027
0.86028
0.86054
0.86066
0.86071
0.86088
0.86113
0.86139
0.86149
0.86166
0.8617
0.86181
0.86211
0.86223
0.86233
0.86243
0.86264
0.86269
0.86271
0.86294
0.86307
0.86326
0.8634
0.8638
0.86385
0.86411
0.86449
0.86477
0.86488
0.8654
0.86565
0.8657
0.86604
0.86614
0.86657
0.86658
0.86662
0.86664
0.86684
0.86702
0.86713
0.86732
0.8674
0.86755
0.86756
0.86769
0.86818
0.86822
0.86831
0.86838
0.86865
0.86891
0.86891
0.86898
0.869
0.86955
0.86981
0.87033
0.87049
0.8711
0.87137
0.87192
0.87197
0.87218
0.87255
0.87266
0.87271
0.87271
0.87275
0.87277
0.87302
0.87316
0.87367
0.8737
0.87382
0.87391
0.87398
0.87413
0.87417
0.87426
0.87433
0.87452
0.87463
0.87466
0.87471
0.87508
0.87551
0.87567
0.8757
0.87587
0.87638
0.87658
0.87728
0.87744
0.87746
0.87774
0.87779
0.87826
0.87834
0.87848
0.87938
0.87948
0.8796
0.88034
0.88068
0.88076
0.88142
0.88169
0.88177
0.88181
0.88192
0.88247
0.88254
0.88294
0.88294
0.88298
0.88313
0.88364
0.88368
0.88407
0.88456
0.88478
0.88479
0.88503
0.88528
0.88593
0.88603
0.88604
0.8862
0.88651
0.88669
0.88674
0.88705
0.88735
0.88757
0.88778
0.88789
0.88838
0.88899
0.8893
0.88962
0.88975
0.89008
0.89038
0.89041
0.89071
0.89073
0.89074
0.89101
0.89163
0.89167
0.8918
0.89185
0.89185
0.89195
0.8921
0.89235
0.89259
0.89261
0.89296
0.89298
0.89308
0.89314
0.89321
0.89363
0.89424
0.89467
0.8947
0.89495
0.89501
0.8952
0.89537
0.89553
0.89555
0.89601
0.89608
0.8964
0.89641
0.8965
0.89678
0.89702
0.89712
0.89753
0.89754
0.8982
0.89872
0.89892
0.89904
0.89925
0.89961
0.89976
0.8998
0.8999
0.90008
0.90074
0.90078
0.90092
0.90112
0.90121
0.90131
0.90133
0.90136
0.90154
0.9016
0.90169
0.90247
0.90251
0.90299
0.9033
0.90402
0.90404
0.90411
0.90415
0.90423
0.9045
0.9054
0.90544
0.90549
0.90557
0.9057
0.90596
0.9065
0.90652
0.90656
0.90679
0.90687
0.9069
0.90704
0.90734
0.90743
0.90833
0.90873
0.90904
0.90922
0.90963
0.91003
0.91047
0.91064
0.91115
0.91151
0.91168
0.91171
0.9118
0.91226
0.91298
0.91311
0.91317
0.91336
0.91378
0.91434
0.91472
0.91476
0.91499
0.9153
0.91558
0.91575
0.91611
0.91614
0.91626
0.91644
0.91682
0.9169
0.91702
0.91704
0.91727
0.91736
0.91756
0.91761
0.91762
0.91769
0.91771
0.91774
0.91821
0.91841
0.91867
0.91869
0.91873
0.91908
0.91931
0.91932
0.92004
0.9201
0.92071
0.92082
0.92104
0.92109
0.92116
0.92131
0.92138
0.9214
0.92143
0.92152
0.92193
0.92195
0.92203
0.92207
0.92226
0.9225
0.92252
0.92259
0.92269
0.92331
0.92343
0.9235
0.92373
0.9239
0.92392
0.92396
0.92436
0.92501
0.92505
0.92536
0.92572
0.92585
0.92609
0.92633
0.92677
0.92684
0.92694
0.92708
0.92731
0.92759
0.92795
0.92807
0.92812
0.92825
0.92851
0.92872
0.92882
0.92907
0.92918
0.92919
0.92951
0.92974
0.9298
0.92991
0.92998
0.93002
0.93032
0.9304
0.93041
0.93057
0.93068
0.93086
0.931
0.93115
0.93133
0.93139
0.93169
0.93173
0.93175
0.93194
0.93197
0.93221
0.93258
0.93298
0.93309
0.93321
0.93342
0.93463
0.93475
0.93476
0.93497
0.93539
0.93555
0.93567
0.93571
0.9358
0.93723
0.93745
0.93751
0.93753
0.93753
0.93766
0.93837
0.93842
0.93862
0.9387
0.93896
0.93933
0.9394
0.93987
0.94021
0.9405
0.9406
0.94063
0.94104
0.94118
0.94135
0.9415
0.94161
0.94213
0.94232
0.94235
0.94248
0.94255
0.94287
0.94288
0.9431
0.94312
0.94355
0.94364
0.94422
0.94463
0.94472
0.9448
0.94519
0.9456
0.94572
0.94596
0.94601
0.94609
0.94624
0.94631
0.94635
0.9465
0.94658
0.94661
0.947
0.94713
0.94746
0.94747
0.94766
0.94778
0.94823
0.94867
0.94886
0.94893
0.94906
0.94916
0.94945
0.94948
0.94984
0.9501
0.95022
0.95033
0.95047
0.95064
0.95066
0.9508
0.95101
0.95105
0.9515
0.9515
0.95172
0.95175
0.95182
0.95185
0.95187
0.95199
0.95248
0.95261
0.95301
0.95377
0.95379
0.95398
0.95413
0.95424
0.95439
0.95444
0.95494
0.95514
0.95516
0.95538
0.95544
0.95548
0.95563
0.95564
0.9563
0.95634
0.95646
0.95666
0.957
0.9572
0.95729
0.95747
0.95768
0.9577
0.95773
0.958
0.95825
0.95861
0.95903
0.95951
0.95972
0.95974
0.95984
0.96032
0.96043
0.96044
0.9605
0.9608
0.96091
0.96119
0.96122
0.96165
0.96175
0.96177
0.96222
0.96262
0.963
0.96343
0.96357
0.96402
0.96412
0.96427
0.96445
0.96447
0.96462
0.96485
0.96514
0.96541
0.96547
0.96582
0.96589
0.96592
0.96606
0.96617
0.96617
0.96636
0.9665
0.9667
0.96679
0.96706
0.96726
0.96739
0.96746
0.96772
0.96795
0.96798
0.968
0.96809
0.96811
0.96814
0.96826
0.96853
0.96858
0.96899
0.96911
0.96932
0.96947
0.96968
0.96983
0.97014
0.97016
0.97078
0.97129
0.9715
0.97172
0.97173
0.97209
0.97219
0.97284
0.97287
0.97294
0.97317
0.97337
0.97346
0.97423
0.97437
0.97468
0.97486
0.97487
0.97554
0.97554
0.97563
0.97564
0.97602
0.97607
0.97614
0.97633
0.97652
0.9773
0.9774
0.97742
0.97777
0.97787
0.978
0.9781
0.97839
0.97858
0.97875
0.9788
0.97884
0.97914
0.97926
0.97975
0.97975
0.98
0.98003
0.98029
0.98034
0.98083
0.98087
0.98088
0.9809
0.98117
0.98171
0.98178
0.98182
0.98198
0.98205
0.98228
0.98241
0.98248
0.98252
0.98279
0.98313
0.98315
0.98317
0.98356
0.98358
0.98373
0.98381
0.98394
0.98422
0.98433
0.98435
0.98445
0.98458
0.9847
0.98504
0.98526
0.98596
0.98605
0.98616
0.98697
0.98759
0.98759
0.9879
0.98822
0.98829
0.98833
0.98861
0.98868
0.98888
0.98904
0.98979
0.99036
0.99051
0.99068
0.99082
0.99094
0.99109
0.9912
0.99171
0.99179
0.99199
0.99207
0.99236
0.9924
0.99256
0.99257
0.99262
0.99298
0.99309
0.99319
0.99324
0.99359
0.99396
0.9941
0.99458
0.9946
0.99467
0.99488
0.99499
0.99542
0.99554
0.99567
0.99587
0.99672
0.99715
0.99741
0.99779
0.99788
0.9981
0.99811
0.99816
0.99829
0.99832
0.99896
0.9993
0.99931
0.99952
0.99957
0.99974
0.99991
