0.00087
0.00147
0.00181
0.00205
0.00274
0.00435
0.0053
0.00872
0.00956
0.01005
0.01066
0.01158
0.01846
0.01886
0.01963
0.0203
0.02037
0.02145
0.0226
0.02264
0.02573
0.02617
0.02652
0.02837
0.02931
0.02982
0.03158
0.03215
0.03225
0.03286
0.03389
0.03418
0.03426
0.03556
0.03589
0.03618
0.03686
0.03729
0.03753
0.03756
0.03763
0.0385
0.04102
0.04283
0.04298
0.04491
0.04754
0.04817
0.04879
0.04974
0.05018
0.05036
0.05088
0.05473
0.055
0.05524
0.05543
0.05844
0.05902
0.05932
0.06138
0.06224
0.06338
0.06414
0.06484
0.06509
0.0653
0.06552
0.06664
0.06807
0.06885
0.07301
0.07513
0.07652
0.07933
0.07949
0.08081
0.08244
0.08327
0.08433
0.08455
0.08507
0.08655
0.08879
0.08961
0.08976
0.09016
0.09246
0.09261
0.09327
0.09413
0.09448
0.09545
0.09729
0.09796
0.09813
0.09884
0.10182
0.10207
0.10342
0.10421
0.1068
0.11076
0.11213
0.11215
0.1122
0.1146
0.11514
0.11534
0.11584
0.11675
0.11787
0.12115
0.12124
0.12127
0.12171
0.12238
0.12434
0.12619
0.12683
0.12791
0.12837
0.12948
0.1296
0.12995
0.13086
0.13099
0.131
0.13116
0.13226
0.13309
0.13315
0.13317
0.13616
0.13653
0.13656
0.13682
0.1369
0.13903
0.1391
0.13981
0.13986
0.14034
0.14197
0.14389
0.14502
0.15055
0.15224
0.15262
0.15334
0.15535
0.15598
0.15834
0.15864
0.16169
0.16222
0.16256
0.16365
0.16433
0.1645
0.16488
0.16508
0.16529
0.16611
0.16794
0.17019
0.17046
0.17103
0.17116
0.17201
0.17225
0.17317
0.17368
0.17386
0.17406
0.17494
0.17503
0.17535
0.17565
0.17625
0.17863
0.17909
0.17966
0.1802
0.18477
0.1849
0.18591
0.18724
0.18729
0.19017
0.19317
0.19335
0.19339
0.19403
0.19496
0.19708
0.19747
0.19752
0.19809
0.20082
0.20233
0.20383
0.20397
0.20402
0.20459
0.20502
0.20506
0.20782
0.20833
0.21025
0.21223
0.21223
0.21371
0.21448
0.21598
0.21664
0.2177
0.21891
0.22084
0.22172
0.22374
0.22424
0.22475
0.22573
0.22735
0.22746
0.22872
0.23271
0.23391
0.23516
0.23517
0.23559
0.23597
0.23647
0.23733
0.24007
0.24087
0.24227
0.24227
0.24296
0.24341
0.24357
0.24373
0.24408
0.24532
0.24539
0.24898
0.24948
0.25056
0.25208
0.25702
0.25988
0.2607
0.26099
0.26344
0.26588
0.26642
0.26716
0.26745
0.26754
0.26829
0.26986
0.27055
0.27062
0.27165
0.27171
0.27284
0.27301
0.27368
0.27444
0.27451
0.27715
0.27768
0.27901
0.28068
0.28176
0.28304
0.28314
0.28342
0.28352
0.28355
0.28413
0.28493
0.28616
0.28694
0.28735
0.28743
0.28822
0.28897
0.28948
0.28953
0.28974
0.29105
0.2934
0.29507
0.29607
0.29633
0.29695
0.29701
0.29711
0.29941
0.30031
0.30126
0.30347
0.30412
0.30451
0.30456
0.30462
0.3051
0.30541
0.30578
0.30789
0.30924
0.31042
0.31047
0.31095
0.31369
0.31765
0.321
0.32239
0.32293
0.32535
0.32588
0.32692
0.32706
0.32714
0.32719
0.32775
0.32868
0.32888
0.32912
0.33152
0.33294
0.33314
0.33556
0.33694
0.33842
0.33936
0.33968
0.33982
0.34009
0.34013
0.3435
0.34464
0.34606
0.34627
0.3475
0.3479
0.34791
0.34849
0.34849
0.34921
0.34968
0.35196
0.35217
0.35276
0.35303
0.35389
0.3567
0.35684
0.35709
0.35762
0.35768
0.35773
0.35898
0.35906
0.35925
0.35967
0.36019
0.36179
0.36196
0.3622
0.36535
0.36562
0.36651
0.36652
0.36688
0.36745
0.3685
0.36896
0.36978
0.37344
0.37394
0.37469
0.37657
0.37671
0.37725
0.37766
0.37969
0.38056
0.38158
0.38297
0.38385
0.3839
0.38435
0.38439
0.38477
0.3855
0.38623
0.38758
0.38963
0.39034
0.39081
0.39144
0.39145
0.39251
0.39266
0.39455
0.39473
0.39825
0.39837
0.39838
0.3985
0.39883
0.39915
0.39994
0.4
0.40465
0.40658
0.40814
0.40935
0.41082
0.41091
0.411
0.41117
0.41118
0.41271
0.41334
0.41667
0.41719
0.41726
0.4178
0.41812
0.41835
0.41861
0.41892
0.41997
0.42092
0.42278
0.42281
0.42292
0.42295
0.42311
0.42317
0.42325
0.42365
0.42409
0.42444
0.42462
0.4251
0.42538
0.42767
0.42772
0.42798
0.42933
0.42943
0.43164
0.43294
0.43344
0.43364
0.43448
0.43493
0.43653
0.43756
0.43817
0.43844
0.44039
0.44109
0.44119
0.44158
0.44276
0.44327
0.44353
0.44458
0.44791
0.44809
0.44817
0.45037
0.45221
0.45434
0.45607
0.45625
0.45659
0.45715
0.45847
0.45998
0.46114
0.46168
0.46221
0.46383
0.4643
0.46593
0.46694
0.46814
0.46827
0.46876
0.46921
0.46953
0.47569
0.4783
0.47846
0.48132
0.48215
0.48229
0.4837
0.48391
0.48441
0.48623
0.48638
0.48692
0.48707
0.48945
0.48955
0.49151
0.49158
0.49199
0.49311
0.49319
0.49439
0.49565
0.49651
0.49672
0.49672
0.49819
0.49877
0.49884
0.49919
0.50019
0.50554
0.50711
0.50918
0.5102
0.51129
0.51131
0.51186
0.5132
0.51693
0.5175
0.51777
0.51791
0.5199
0.52143
0.52186
0.52313
0.52397
0.52563
0.52699
0.52816
0.5283
0.52927
0.52988
0.53026
0.53118
0.53189
0.53266
0.53555
0.53651
0.53759
0.53999
0.5402
0.54174
0.54394
0.5464
0.54693
0.54764
0.54847
0.5489
0.54905
0.54931
0.55041
0.55054
0.55066
0.55137
0.5514
0.55278
0.5528
0.55308
0.55339
0.55476
0.55581
0.5561
0.55615
0.55644
0.55838
0.56116
0.56159
0.56222
0.56309
0.56572
0.56614
0.57093
0.57143
0.57178
0.57254
0.57287
0.57603
0.57614
0.57621
0.57661
0.57703
0.57814
0.57841
0.57937
0.5795
0.58051
0.58234
0.58358
0.58437
0.58495
0.58497
0.58501
0.586
0.58655
0.58773
0.58868
0.58909
0.59108
0.59241
0.59292
0.59436
0.59575
0.59663
0.60035
0.60046
0.60053
0.60061
0.60065
0.60208
0.60236
0.60372
0.60501
0.60524
0.60834
0.6087
0.60904
0.61058
0.61189
0.61254
0.61281
0.61398
0.61414
0.61544
0.61619
0.61766
0.61796
0.62044
0.62081
0.62314
0.62394
0.62454
0.62603
0.62696
0.62709
0.62732
0.62736
0.62911
0.62994
0.63157
0.63229
0.63422
0.63473
0.63515
0.63567
0.63669
0.64045
0.64144
0.64509
0.64524
0.64877
0.64907
0.64909
0.6497
0.6513
0.6524
0.65312
0.65326
0.6534
0.65352
0.65383
0.65604
0.65629
0.65725
0.65857
0.65869
0.65934
0.66134
0.66139
0.66167
0.66172
0.66555
0.66649
0.66677
0.66783
0.66845
0.66923
0.6699
0.6708
0.67477
0.67494
0.67712
0.67841
0.67904
0.67943
0.67952
0.67975
0.67983
0.68042
0.68275
0.68437
0.68573
0.68743
0.68756
0.68786
0.69244
0.69305
0.69329
0.69383
0.6946
0.69475
0.69878
0.69938
0.7014
0.70496
0.70533
0.70609
0.70886
0.71197
0.71414
0.72204
0.72247
0.72294
0.72435
0.72551
0.7257
0.7267
0.72683
0.72751
0.72803
0.72821
0.72887
0.73081
0.732
0.7329
0.73296
0.73405
0.73619
0.73661
0.73786
0.73812
0.73836
0.73866
0.73984
0.74093
0.74211
0.74565
0.74982
0.74982
0.75037
0.75083
0.75118
0.75351
0.75405
0.75455
0.75641
0.7571
0.75711
0.75712
0.75838
0.75858
0.75909
0.76068
0.76681
0.76706
0.76987
0.77042
0.77044
0.77151
0.77315
0.77332
0.77341
0.77387
0.77498
0.77506
0.77793
0.78051
0.78085
0.78093
0.78146
0.78165
0.7826
0.78422
0.78624
0.7874
0.78789
0.78841
0.78845
0.78978
0.78999
0.79095
0.79141
0.79252
0.79277
0.79313
0.79314
0.79417
0.79772
0.79805
0.79848
0.8005
0.807
0.80771
0.80811
0.80866
0.80887
0.80927
0.8098
0.81034
0.81309
0.81328
0.81388
0.8154
0.81623
0.81643
0.81845
0.8188
0.82213
0.82242
0.82314
0.82323
0.82378
0.82482
0.82689
0.828
0.82989
0.83005
0.83047
0.83276
0.83381
0.83463
0.83481
0.83569
0.83626
0.83963
0.83985
0.8421
0.84327
0.84453
0.84481
0.84805
0.85238
0.85341
0.85416
0.85473
0.85749
0.85938
0.8597
0.86059
0.86106
0.8615
0.86239
0.86249
0.86265
0.86343
0.86368
0.86388
0.86734
0.86761
0.87033
0.87376
0.87387
0.87433
0.8756
0.87742
0.8785
0.87898
0.88028
0.88038
0.88059
0.88115
0.88143
0.88196
0.88296
0.88357
0.88666
0.88686
0.88883
0.88912
0.88986
0.89082
0.89245
0.89349
0.89439
0.89467
0.89469
0.89591
0.89708
0.89718
0.89747
0.89806
0.89909
0.90104
0.90345
0.90354
0.90427
0.90521
0.90529
0.90622
0.90683
0.90811
0.90968
0.91024
0.91175
0.91552
0.91681
0.91754
0.91884
0.91949
0.91959
0.91991
0.92035
0.92116
0.92205
0.92295
0.92324
0.92336
0.92413
0.92636
0.927
0.92934
0.93089
0.93228
0.93541
0.93572
0.93692
0.9388
0.93902
0.93955
0.94036
0.94255
0.94285
0.94352
0.94387
0.94598
0.94627
0.94699
0.94786
0.94844
0.94863
0.94925
0.95005
0.95248
0.95256
0.9529
0.95291
0.95422
0.95473
0.95487
0.96041
0.96086
0.96455
0.96517
0.96625
0.96837
0.96959
0.97163
0.97178
0.97361
0.9756
0.97632
0.97647
0.97662
0.97879
0.98161
0.98239
0.98275
0.98309
0.98458
0.98687
0.98704
0.98884
0.9892
0.9901
0.99019
0.99047
0.99133
0.99158
0.99219
0.99318
0.99322
0.99331
0.9935
0.99499
0.99674
0.99676
0.99699
0.99745
0.99749
0.99819
0.99869
0.99891
