0.0002
0.00044
0.00051
0.00077
0.0012
0.00124
0.0019
0.0025
0.00333
0.00365
0.004
0.00401
0.00478
0.00481
0.00484
0.00489
0.00518
0.00521
0.00538
0.00555
0.00623
0.00626
0.00689
0.00708
0.00729
0.00819
0.0082
0.00952
0.0096
0.00971
0.01053
0.01094
0.01147
0.01185
0.01196
0.01206
0.01208
0.01277
0.01315
0.01367
0.01427
0.01514
0.01538
0.01578
0.01637
0.01706
0.01741
0.01763
0.01782
0.01808
0.01811
0.01824
0.01922
0.0194
0.01947
0.01976
0.01987
0.02034
0.02044
0.02097
0.02113
0.0219
0.02261
0.02267
0.02354
0.02363
0.02433
0.02464
0.02479
0.0249
0.02509
0.0258
0.02623
0.02689
0.02695
0.02713
0.02739
0.02775
0.02893
0.02918
0.03039
0.03095
0.03112
0.03133
0.03158
0.03213
0.03252
0.03307
0.03323
0.03331
0.0337
0.03388
0.0339
0.03394
0.03399
0.03412
0.03455
0.03496
0.03529
0.03559
0.03639
0.0382
0.03902
0.03921
0.03969
0.03989
0.04031
0.04083
0.04102
0.04112
0.04241
0.04252
0.04306
0.04314
0.04432
0.04501
0.04519
0.04565
0.04666
0.0474
0.04795
0.04871
0.04881
0.04959
0.04997
0.04999
0.05004
0.05068
0.05091
0.05106
0.05112
0.05124
0.05144
0.05297
0.05305
0.05319
0.05324
0.05327
0.05329
0.05407
0.05414
0.05479
0.0549
0.05492
0.05514
0.05527
0.05585
0.05713
0.05792
0.05832
0.05904
0.05915
0.05975
0.05982
0.06001
0.06002
0.06003
0.06024
0.06042
0.06072
0.06153
0.06159
0.06176
0.06231
0.06256
0.06267
0.06271
0.0636
0.06384
0.06386
0.06429
0.06455
0.06519
0.06524
0.0658
0.06613
0.06642
0.06686
0.06736
0.06767
0.06818
0.06843
0.06844
0.06888
0.06889
0.06909
0.06918
0.06919
0.06951
0.06961
0.06993
0.07027
0.07062
0.07121
0.07146
0.07161
0.07168
0.07172
0.0725
0.07261
0.07365
0.07367
0.07403
0.07406
0.0744
0.07444
0.07486
0.07497
0.0751
0.07549
0.07585
0.07621
0.07637
0.0766
0.07717
0.07731
0.07765
0.07788
0.07809
0.07837
0.07855
0.07875
0.07918
0.07941
0.07943
0.07965
0.08047
0.08093
0.08094
0.08107
0.08109
0.08154
0.08164
0.08164
0.08189
0.08215
0.08248
0.08288
0.0837
0.08427
0.08435
0.08496
0.08639
0.08652
0.08709
0.08718
0.08744
0.0876
0.08763
0.08772
0.08783
0.08878
0.08885
0.08907
0.08914
0.08952
0.09083
0.09101
0.09134
0.09142
0.09228
0.09236
0.0927
0.09301
0.09409
0.09426
0.09434
0.09463
0.09488
0.09492
0.09551
0.09553
0.09567
0.09588
0.09597
0.09609
0.09637
0.09656
0.09677
0.09713
0.0974
0.09777
0.09803
0.09827
0.09967
0.09981
0.09987
0.10013
0.1005
0.10146
0.1015
0.10187
0.10192
0.10199
0.10224
0.1027
0.10366
0.10435
0.1045
0.10477
0.10491
0.10508
0.10567
0.10575
0.10616
0.10617
0.10644
0.10743
0.10756
0.10762
0.10782
0.10789
0.10873
0.10908
0.10912
0.10917
0.10972
0.10975
0.11076
0.11159
0.11198
0.11222
0.11223
0.1123
0.11251
0.11268
0.11275
0.11409
0.1143
0.11459
0.11466
0.11471
0.1149
0.1151
0.11524
0.1153
0.11534
0.11549
0.11604
0.11632
0.11746
0.11775
0.11776
0.11805
0.11836
0.11886
0.11894
0.11904
0.1191
0.11936
0.1197
0.11973
0.11995
0.12015
0.12062
0.12073
0.12102
0.12166
0.12195
0.12224
0.12234
0.12256
0.12271
0.1235
0.12356
0.12379
0.12384
0.12419
0.12435
0.12447
0.12449
0.12482
0.12613
0.12647
0.12648
0.12682
0.12689
0.12735
0.12737
0.12758
0.12793
0.12797
0.12814
0.12864
0.12875
0.12878
0.12896
0.12923
0.1301
0.13013
0.13083
0.13134
0.13208
0.13286
0.13305
0.13363
0.13439
0.13442
0.13474
0.13495
0.13522
0.13525
0.13575
0.13593
0.13603
0.13609
0.13687
0.13703
0.13726
0.13757
0.13794
0.13795
0.13805
0.13961
0.1402
0.14022
0.1406
0.14091
0.14282
0.14324
0.14359
0.14374
0.14455
0.14483
0.14486
0.14524
0.14588
0.1459
0.14592
0.14596
0.146
0.14635
0.14678
0.14807
0.14856
0.14866
0.14899
0.14902
0.14953
0.15025
0.15027
0.1504
0.15068
0.151
0.15296
0.15346
0.15349
0.15403
0.15423
0.1544
0.15522
0.15522
0.15578
0.15644
0.15664
0.15687
0.15738
0.1577
0.15782
0.15795
0.15804
0.15824
0.15856
0.15865
0.15917
0.15987
0.16005
0.16071
0.16077
0.16106
0.16106
0.16175
0.16194
0.16207
0.1623
0.16238
0.16245
0.16261
0.16266
0.16282
0.16285
0.16286
0.16312
0.16437
0.16478
0.16482
0.16539
0.16558
0.16584
0.16585
0.16596
0.16657
0.16673
0.16681
0.16692
0.16715
0.16832
0.1687
0.16872
0.16906
0.16921
0.16951
0.16952
0.16965
0.16988
0.17043
0.1705
0.17102
0.17195
0.17225
0.17289
0.17352
0.1739
0.17406
0.17429
0.17483
0.17489
0.17575
0.1772
0.17745
0.17766
0.17804
0.17854
0.1786
0.17885
0.17919
0.17986
0.18019
0.18099
0.18129
0.18188
0.18192
0.18255
0.18277
0.18314
0.18353
0.18363
0.1837
0.1847
0.18479
0.18521
0.18539
0.18541
0.18541
0.18605
0.18613
0.1865
0.18692
0.18733
0.18748
0.18756
0.18777
0.18779
0.1879
0.18809
0.18847
0.18887
0.18969
0.19015
0.19043
0.19064
0.19066
0.19074
0.19103
0.19109
0.19134
0.19166
0.19171
0.19218
0.19223
0.19315
0.19394
0.19441
0.19468
0.19492
0.19519
0.19524
0.1974
0.19748
0.19753
0.19761
0.19767
0.1979
0.19839
0.19902
0.20086
0.20118
0.20134
0.20181
0.2019
0.20195
0.20208
0.20215
0.20272
0.20276
0.20276
0.20379
0.20405
0.20419
0.20476
0.20487
0.20496
0.20511
0.20596
0.20633
0.20637
0.20664
0.20665
0.20672
0.20684
0.20715
0.2074
0.20765
0.20795
0.20814
0.2085
0.20926
0.20932
0.20978
0.20984
0.20999
0.21048
0.2105
0.21105
0.21157
0.2117
0.21203
0.21315
0.21319
0.21328
0.21382
0.21383
0.21399
0.21402
0.21429
0.2143
0.21472
0.21473
0.21497
0.21497
0.21505
0.21641
0.21647
0.21711
0.21714
0.21731
0.21868
0.2188
0.21889
0.21891
0.2191
0.21921
0.21931
0.22082
0.2209
0.22102
0.22104
0.22121
0.22158
0.22168
0.22175
0.2218
0.22205
0.22301
0.22304
0.2236
0.22409
0.22472
0.22505
0.22515
0.22517
0.22523
0.22526
0.22573
0.22615
0.22667
0.2268
0.22769
0.22845
0.22896
0.22912
0.22924
0.22935
0.22944
0.22975
0.22992
0.23024
0.23068
0.23075
0.23094
0.23106
0.23206
0.23223
0.23234
0.23245
0.23314
0.2333
0.23356
0.23356
0.23362
0.23449
0.23454
0.23515
0.23523
0.23606
0.23761
0.23776
0.23827
0.2386
0.23879
0.23904
0.23916
0.23921
0.2399
0.24028
0.24037
0.24042
0.24046
0.24051
0.2406
0.24077
0.24083
0.24083
0.24144
0.24195
0.24197
0.24206
0.24272
0.24308
0.24326
0.24348
0.2435
0.24386
0.24459
0.24485
0.24509
0.2451
0.24518
0.24534
0.24645
0.24647
0.24691
0.24755
0.24812
0.24856
0.24896
0.24975
0.25014
0.2503
0.25098
0.25106
0.25127
0.25133
0.25182
0.25187
0.25201
0.25239
0.25255
0.25334
0.25348
0.25404
0.25458
0.25464
0.25517
0.25547
0.25585
0.25608
0.25827
0.25907
0.25925
0.25941
0.2596
0.25975
0.25979
0.26005
0.26007
0.2602
0.26056
0.26078
0.26083
0.26108
0.26118
0.26136
0.26142
0.26234
0.26241
0.26269
0.26272
0.26441
0.26446
0.26483
0.26722
0.2673
0.26745
0.26753
0.26791
0.26809
0.26848
0.26868
0.26896
0.26899
0.26934
0.26942
0.26957
0.26967
0.26971
0.27026
0.27152
0.27244
0.27247
0.27275
0.27302
0.27322
0.27328
0.27381
0.27398
0.27413
0.27416
0.27451
0.27462
0.27463
0.27474
0.27523
0.27523
0.27613
0.27621
0.2764
0.27643
0.27658
0.27672
0.27685
0.27768
0.27768
0.27778
0.27789
0.2785
0.27866
0.27872
0.27889
0.27893
0.27921
0.28023
0.2809
0.28115
0.28189
0.28225
0.28255
0.28317
0.28398
0.28421
0.28478
0.28558
0.28562
0.28624
0.28633
0.2865
0.28674
0.28687
0.2871
0.28771
0.28776
0.28778
0.28799
0.28802
0.28815
0.2887
0.28894
0.28938
0.29064
0.29086
0.291
0.29118
0.29153
0.29235
0.29244
0.29301
0.2931
0.29329
0.2934
0.29373
0.29494
0.29506
0.29509
0.29553
0.2957
0.29619
0.2962
0.29641
0.29654
0.29681
0.29824
0.29859
0.2988
0.29888
0.29947
0.29973
0.29979
0.30017
0.30018
0.30066
0.30075
0.30133
0.30159
0.30264
0.30272
0.3031
0.30348
0.30393
0.30521
0.30533
0.30554
0.30555
0.30681
0.30773
0.30791
0.30859
0.3098
0.31075
0.31111
0.31136
0.31139
0.3115
0.31273
0.31348
0.31383
0.31389
0.31395
0.31426
0.31429
0.31438
0.31438
0.31447
0.31456
0.31459
0.31563
0.31622
0.31668
0.3169
0.31707
0.3177
0.31876
0.31882
0.31928
0.31929
0.32007
0.3201
0.32046
0.32077
0.32079
0.32083
0.32096
0.32097
0.32167
0.32174
0.32175
0.32179
0.32231
0.32257
0.32323
0.32364
0.32387
0.32397
0.3241
0.32453
0.32472
0.32487
0.32495
0.32521
0.32568
0.32593
0.32626
0.32687
0.32713
0.32764
0.32775
0.32801
0.3284
0.32864
0.32904
0.32911
0.32919
0.33011
0.33019
0.33037
0.33049
0.33062
0.33159
0.33277
0.33278
0.33307
0.3333
0.33431
0.33468
0.33546
0.3363
0.33639
0.33651
0.3366
0.33687
0.33713
0.33728
0.33738
0.33805
0.33815
0.33819
0.33823
0.33868
0.33914
0.34032
0.34042
0.34062
0.34129
0.34146
0.34194
0.34205
0.34351
0.3436
0.34384
0.34398
0.34402
0.34406
0.34434
0.34436
0.3445
0.34477
0.34539
0.3457
0.3472
0.34748
0.34804
0.34843
0.34878
0.34919
0.34924
0.34926
0.34948
0.34964
0.34972
0.34973
0.34979
0.3499
0.35046
0.35053
0.35055
0.35067
0.3507
0.35102
0.35112
0.3514
0.35145
0.35175
0.35182
0.35186
0.3519
0.35193
0.35195
0.35198
0.35228
0.35235
0.35258
0.35315
0.3534
0.35344
0.35351
0.35366
0.35391
0.35437
0.35463
0.35463
0.35474
0.35474
0.35541
0.35571
0.3559
0.35602
0.35609
0.35612
0.35653
0.35694
0.35705
0.35781
0.35798
0.35805
0.35812
0.35855
0.35871
0.36001
0.36002
0.36044
0.36051
0.36051
0.36102
0.36178
0.36179
0.36179
0.36296
0.36382
0.36382
0.36412
0.36413
0.36493
0.36557
0.36585
0.36591
0.36671
0.36674
0.36745
0.36784
0.36811
0.36843
0.36896
0.36905
0.36905
0.36905
0.36911
0.3692
0.3692
0.36957
0.3696
0.36974
0.36992
0.37007
0.3702
0.37064
0.37064
0.37074
0.37088
0.37115
0.3717
0.37288
0.37288
0.37347
0.37358
0.37379
0.37388
0.37431
0.37453
0.37455
0.37495
0.37509
0.37548
0.37608
0.37668
0.37777
0.37813
0.3783
0.37914
0.37946
0.37949
0.37987
0.38001
0.3804
0.38078
0.38132
0.38144
0.38219
0.38272
0.3828
0.38296
0.38301
0.38308
0.38312
0.38317
0.38349
0.38385
0.38481
0.38519
0.38557
0.3862
0.38681
0.38681
0.38684
0.3872
0.38744
0.38806
0.38906
0.38907
0.38941
0.38961
0.38964
0.38985
0.3899
0.39051
0.39066
0.39105
0.39139
0.39149
0.39174
0.39295
0.39329
0.39363
0.39373
0.39397
0.39473
0.39495
0.395
0.39562
0.39564
0.39586
0.396
0.39643
0.39656
0.39683
0.39686
0.3969
0.39697
0.39729
0.39779
0.39803
0.39929
0.39953
0.39953
0.39978
0.39992
0.40032
0.40043
0.40137
0.40139
0.40244
0.40269
0.40326
0.40368
0.40403
0.40522
0.40559
0.40569
0.40571
0.40629
0.40672
0.40704
0.40707
0.40715
0.40777
0.40807
0.409
0.40922
0.40969
0.40987
0.40993
0.41
0.41045
0.41075
0.41082
0.41089
0.41101
0.41128
0.41166
0.41201
0.41204
0.41258
0.41272
0.41273
0.41281
0.41285
0.41392
0.41432
0.41441
0.41469
0.41532
0.41547
0.41578
0.4158
0.41584
0.41624
0.41644
0.41644
0.41658
0.41668
0.417
0.41725
0.41746
0.41767
0.41798
0.41806
0.41826
0.41839
0.41933
0.41969
0.42108
0.42126
0.42238
0.42328
0.42392
0.42423
0.42439
0.42662
0.42703
0.42717
0.42741
0.42749
0.42762
0.42768
0.428
0.42803
0.42809
0.42921
0.42923
0.4298
0.4309
0.43119
0.43126
0.43149
0.43158
0.43162
0.43183
0.43202
0.43204
0.43222
0.43223
0.43296
0.43346
0.43391
0.43394
0.43429
0.43503
0.43576
0.4358
0.43587
0.43628
0.43673
0.43705
0.43717
0.43765
0.4379
0.43841
0.43939
0.4404
0.44058
0.44104
0.44105
0.44108
0.44166
0.44195
0.4423
0.44308
0.44325
0.44337
0.44376
0.44387
0.44393
0.44435
0.44437
0.44449
0.44495
0.445
0.44508
0.44511
0.44525
0.44542
0.44554
0.44584
0.44646
0.44689
0.44745
0.44758
0.44788
0.44805
0.44857
0.44908
0.44924
0.44925
0.45019
0.45025
0.45044
0.45089
0.45092
0.45181
0.45184
0.45195
0.45219
0.45257
0.45275
0.45278
0.4528
0.45325
0.45329
0.4535
0.45358
0.45403
0.45493
0.45596
0.45672
0.45675
0.45707
0.4573
0.45745
0.45757
0.45763
0.45805
0.45899
0.45919
0.45919
0.45942
0.45998
0.46016
0.46042
0.46089
0.46147
0.46154
0.46226
0.46277
0.46361
0.46363
0.46381
0.46401
0.46455
0.46456
0.46463
0.46489
0.46511
0.46531
0.46542
0.46586
0.46659
0.4667
0.46671
0.46681
0.46719
0.46849
0.46949
0.46964
0.4697
0.4699
0.47032
0.47038
0.4707
0.47122
0.47126
0.47157
0.47188
0.47193
0.47227
0.47238
0.47247
0.47256
0.47281
0.47297
0.47315
0.47406
0.47444
0.47462
0.47525
0.476
0.47611
0.47634
0.47638
0.47701
0.47797
0.47837
0.47863
0.47895
0.47896
0.47921
0.4797
0.48019
0.48062
0.48069
0.48081
0.48186
0.48265
0.4827
0.48298
0.48307
0.48337
0.48347
0.48354
0.48356
0.48431
0.48456
0.48501
0.48509
0.4852
0.48537
0.48616
0.48686
0.48778
0.4878
0.48789
0.48818
0.48838
0.48841
0.4885
0.48856
0.48862
0.48877
0.4888
0.48907
0.49104
0.49108
0.49118
0.49133
0.49193
0.49219
0.49221
0.49223
0.49236
0.49255
0.49276
0.49405
0.4951
0.49656
0.49682
0.49711
0.49711
0.49733
0.49743
0.49761
0.49846
0.49861
0.49907
0.49912
0.49979
0.49982
0.50026
0.50088
0.50168
0.50282
0.50289
0.50363
0.50405
0.50448
0.50472
0.50545
0.50547
0.50571
0.50602
0.50754
0.50774
0.50777
0.50791
0.50828
0.50842
0.5085
0.50863
0.50906
0.50907
0.50954
0.50994
0.51052
0.51117
0.51147
0.51177
0.51239
0.51253
0.51275
0.51312
0.51324
0.51332
0.51337
0.51353
0.51356
0.51408
0.5143
0.51474
0.51478
0.51491
0.51512
0.51558
0.51649
0.51655
0.51661
0.51703
0.51706
0.51754
0.5178
0.51866
0.5187
0.52031
0.52035
0.52043
0.52129
0.52154
0.52181
0.52286
0.52328
0.52371
0.52451
0.52456
0.52505
0.52528
0.52546
0.5257
0.52583
0.52619
0.52649
0.52789
0.52802
0.52851
0.52914
0.52931
0.52939
0.52958
0.52959
0.52967
0.52997
0.52999
0.53014
0.53043
0.53074
0.53074
0.5334
0.53366
0.53379
0.53404
0.53436
0.53442
0.53453
0.53454
0.53571
0.53598
0.53642
0.53651
0.53655
0.53771
0.5385
0.53894
0.53941
0.53968
0.54
0.54055
0.54093
0.5412
0.54126
0.54181
0.54255
0.54261
0.54326
0.54366
0.54398
0.54427
0.54562
0.54605
0.54619
0.54661
0.5468
0.54693
0.54698
0.54811
0.54856
0.54877
0.54877
0.54887
0.5492
0.55025
0.55056
0.55078
0.55099
0.55104
0.55149
0.55163
0.55198
0.552
0.55232
0.55255
0.55261
0.55339
0.55362
0.55475
0.55528
0.55542
0.55634
0.55637
0.55655
0.55685
0.5569
0.55702
0.55706
0.55738
0.55739
0.55766
0.55774
0.55816
0.55832
0.55846
0.55846
0.5585
0.55896
0.55962
0.55963
0.56002
0.56004
0.56014
0.56038
0.56072
0.56081
0.56169
0.56191
0.56223
0.5624
0.5624
0.56297
0.5632
0.56322
0.5635
0.56377
0.5657
0.56584
0.56632
0.56636
0.56636
0.56715
0.56719
0.56763
0.56767
0.56772
0.56791
0.56819
0.56841
0.56849
0.5687
0.56883
0.569
0.56961
0.57004
0.57022
0.57067
0.57081
0.57117
0.57141
0.57177
0.57203
0.57238
0.57303
0.57308
0.57397
0.57398
0.57405
0.57413
0.57513
0.57515
0.57593
0.57601
0.57619
0.57643
0.5765
0.57651
0.57659
0.57663
0.57738
0.57738
0.57739
0.57772
0.57806
0.57834
0.57854
0.5786
0.57872
0.57886
0.57897
0.57923
0.57938
0.57941
0.57947
0.57959
0.57983
0.58041
0.58085
0.58086
0.58093
0.58095
0.58158
0.58192
0.58252
0.58336
0.58359
0.58398
0.58402
0.58456
0.58461
0.58489
0.58504
0.58567
0.58572
0.58608
0.58615
0.58664
0.58722
0.58801
0.58831
0.5887
0.58883
0.58902
0.58918
0.58919
0.58936
0.58981
0.59038
0.59045
0.59049
0.59154
0.59205
0.59274
0.59291
0.59323
0.59352
0.59372
0.5941
0.5941
0.59452
0.59525
0.59608
0.59684
0.59822
0.59833
0.59847
0.59847
0.59991
0.60011
0.60018
0.60041
0.60054
0.60065
0.6008
0.60103
0.60147
0.60164
0.60168
0.60201
0.60274
0.60312
0.60377
0.60415
0.60477
0.60486
0.60531
0.60567
0.60603
0.60626
0.60797
0.60813
0.60825
0.6084
0.60971
0.61004
0.61074
0.6108
0.61103
0.61158
0.61164
0.61167
0.61258
0.61319
0.61387
0.61417
0.61426
0.61445
0.61485
0.61531
0.6156
0.616
0.61609
0.61643
0.61661
0.61679
0.61709
0.61724
0.61802
0.61813
0.61896
0.61924
0.6195
0.61955
0.61979
0.61985
0.61994
0.62008
0.62039
0.62052
0.62068
0.62103
0.6222
0.62261
0.62302
0.62327
0.62338
0.62358
0.62377
0.6241
0.62439
0.62462
0.62518
0.62548
0.62606
0.62618
0.62659
0.6272
0.62733
0.62743
0.62769
0.62843
0.62866
0.62993
0.63035
0.63064
0.63065
0.63085
0.63115
0.63115
0.63116
0.63138
0.6314
0.63205
0.63364
0.63386
0.63415
0.6342
0.63572
0.63576
0.63661
0.63724
0.63764
0.63788
0.63791
0.63836
0.63841
0.63861
0.63908
0.63932
0.6401
0.64063
0.64136
0.64154
0.64171
0.64201
0.64227
0.64236
0.64239
0.6427
0.64272
0.64294
0.64316
0.64321
0.64333
0.64353
0.64369
0.64419
0.64439
0.6446
0.64533
0.64551
0.64578
0.64589
0.64662
0.64725
0.6474
0.64751
0.64791
0.64825
0.64862
0.64876
0.64929
0.64944
0.64968
0.64996
0.6501
0.65095
0.65156
0.65244
0.65267
0.65293
0.65333
0.65336
0.65459
0.65473
0.65504
0.65538
0.65556
0.65591
0.65611
0.65616
0.65645
0.6565
0.65659
0.65684
0.65689
0.65712
0.65728
0.65741
0.65762
0.65776
0.65787
0.65806
0.65852
0.65877
0.65908
0.65956
0.65965
0.6598
0.6611
0.6612
0.66123
0.66141
0.66211
0.66214
0.66223
0.66287
0.66354
0.66415
0.66416
0.66485
0.66532
0.6658
0.66587
0.66588
0.66623
0.6664
0.66645
0.66658
0.66764
0.6686
0.66865
0.66872
0.66905
0.66922
0.66944
0.6695
0.66971
0.67015
0.67053
0.67111
0.67117
0.67149
0.67215
0.67222
0.67224
0.67229
0.6723
0.67257
0.67257
0.67298
0.67322
0.67409
0.67491
0.67526
0.6754
0.67545
0.67655
0.67697
0.67707
0.67727
0.6773
0.67739
0.67741
0.67741
0.67742
0.67795
0.67835
0.67848
0.67903
0.6791
0.67935
0.6794
0.6795
0.67962
0.67983
0.68046
0.68046
0.68179
0.68226
0.68234
0.6827
0.6833
0.68371
0.68378
0.68382
0.68402
0.6853
0.6857
0.6861
0.68614
0.68667
0.68726
0.68746
0.68749
0.68781
0.68784
0.68793
0.68901
0.68937
0.68958
0.69044
0.69079
0.6912
0.69319
0.69376
0.69394
0.69435
0.69524
0.69547
0.69638
0.69668
0.6968
0.69683
0.69738
0.6974
0.69771
0.6987
0.69881
0.69889
0.69955
0.7003
0.70058
0.70089
0.7011
0.70285
0.70331
0.70368
0.70389
0.70401
0.70444
0.70545
0.70571
0.70589
0.70622
0.70664
0.70774
0.70781
0.7081
0.70838
0.70845
0.70903
0.70987
0.71023
0.71025
0.7107
0.71079
0.71089
0.7115
0.71163
0.71172
0.71225
0.71266
0.71283
0.71296
0.71414
0.71424
0.71428
0.7148
0.71495
0.71597
0.71602
0.71604
0.71606
0.71615
0.71684
0.71699
0.71839
0.71873
0.71876
0.71914
0.72128
0.72148
0.72162
0.72167
0.7217
0.72201
0.72248
0.72263
0.7227
0.72274
0.72309
0.72325
0.72327
0.72428
0.7243
0.72439
0.72477
0.72521
0.72551
0.72631
0.72675
0.72682
0.72708
0.72733
0.72754
0.72822
0.7285
0.72885
0.7292
0.72963
0.72996
0.73019
0.73038
0.73109
0.73189
0.73233
0.73237
0.73274
0.73338
0.73377
0.73445
0.73471
0.7349
0.73492
0.73511
0.73554
0.73556
0.73633
0.73639
0.73651
0.73739
0.73858
0.73903
0.73927
0.73928
0.73942
0.73952
0.73991
0.74002
0.74147
0.74182
0.74229
0.74242
0.74244
0.74263
0.74315
0.74327
0.74348
0.74468
0.74502
0.74536
0.74544
0.74547
0.74569
0.74573
0.74586
0.74587
0.74628
0.74687
0.74722
0.7475
0.74775
0.74811
0.74889
0.74975
0.74981
0.74995
0.75002
0.75122
0.75136
0.75137
0.75137
0.75173
0.75244
0.75297
0.75312
0.75328
0.75361
0.75431
0.75445
0.75446
0.75468
0.75539
0.75573
0.75577
0.75595
0.75647
0.75772
0.75858
0.75861
0.75898
0.75969
0.75977
0.75992
0.76013
0.76048
0.76085
0.7612
0.76129
0.76174
0.76237
0.76239
0.76258
0.7627
0.76341
0.76343
0.76348
0.76364
0.76396
0.76399
0.76407
0.76434
0.76461
0.76521
0.76624
0.76628
0.76631
0.76682
0.7669
0.76794
0.76813
0.76818
0.76915
0.76917
0.76922
0.76922
0.76945
0.76958
0.76959
0.76976
0.7703
0.77074
0.77082
0.77178
0.77208
0.7722
0.77267
0.77268
0.77278
0.77395
0.7741
0.77447
0.77471
0.77482
0.7759
0.77662
0.77682
0.77686
0.77757
0.77831
0.77959
0.78022
0.78026
0.78035
0.78065
0.78101
0.78123
0.78129
0.7814
0.78155
0.78248
0.78248
0.78264
0.78272
0.78274
0.78288
0.78329
0.78379
0.78387
0.78405
0.78513
0.7857
0.78586
0.7863
0.78655
0.78762
0.78766
0.78777
0.788
0.78814
0.78832
0.78869
0.78877
0.78882
0.78943
0.79036
0.79058
0.79064
0.79098
0.79127
0.7915
0.79216
0.79244
0.7926
0.7927
0.79292
0.79363
0.79394
0.79422
0.79459
0.79472
0.79483
0.79541
0.79597
0.79602
0.79622
0.79625
0.79674
0.79718
0.79722
0.79782
0.79798
0.79879
0.79904
0.7994
0.79949
0.7995
0.79989
0.80019
0.80137
0.80145
0.80148
0.80186
0.80198
0.80264
0.80291
0.80294
0.80357
0.80388
0.8041
0.80486
0.80657
0.80738
0.80819
0.80848
0.8085
0.80859
0.80898
0.80938
0.80994
0.81064
0.8108
0.81128
0.81133
0.81134
0.81153
0.81165
0.81202
0.8123
0.81278
0.81556
0.81559
0.81585
0.816
0.81628
0.81643
0.81669
0.8171
0.81714
0.81733
0.81744
0.81752
0.81779
0.81783
0.81795
0.81803
0.81804
0.81944
0.82034
0.82038
0.82044
0.82055
0.8206
0.82107
0.82108
0.82201
0.82249
0.82266
0.82291
0.82311
0.82387
0.8244
0.82441
0.82471
0.82477
0.82478
0.82624
0.82645
0.82652
0.82706
0.82723
0.82738
0.82746
0.82747
0.8292
0.82978
0.83048
0.83049
0.83062
0.83094
0.83103
0.83117
0.83128
0.83157
0.83166
0.832
0.83206
0.83208
0.83279
0.83291
0.83329
0.83341
0.83357
0.83358
0.83369
0.83377
0.83392
0.83496
0.83541
0.83586
0.83593
0.83612
0.8362
0.83644
0.83672
0.83693
0.83698
0.83701
0.83712
0.83716
0.83723
0.83783
0.83825
0.83847
0.8385
0.8385
0.83922
0.83974
0.83977
0.8398
0.8402
0.84026
0.84045
0.84061
0.84109
0.84115
0.84137
0.84202
0.84203
0.84258
0.84318
0.84323
0.84388
0.84418
0.84463
0.8447
0.84497
0.84511
0.84538
0.84548
0.84558
0.84564
0.84567
0.84569
0.8458
0.84581
0.84594
0.84612
0.84614
0.84617
0.84737
0.84758
0.84759
0.84787
0.84845
0.84864
0.84916
0.85008
0.8501
0.85042
0.85245
0.85246
0.85271
0.85273
0.85319
0.85344
0.85344
0.85398
0.85438
0.85464
0.85483
0.85485
0.85522
0.8568
0.85682
0.85738
0.85739
0.85799
0.85834
0.8588
0.86119
0.86138
0.86143
0.86149
0.86176
0.86215
0.86292
0.86435
0.86504
0.86541
0.86549
0.86586
0.86636
0.86648
0.86697
0.867
0.86782
0.86791
0.86807
0.86858
0.86866
0.86886
0.86961
0.86962
0.8697
0.86974
0.87013
0.87025
0.87052
0.87096
0.87129
0.8715
0.87167
0.87202
0.87285
0.87405
0.87411
0.87429
0.87439
0.87439
0.87484
0.87508
0.87548
0.87568
0.8768
0.87728
0.8773
0.87733
0.87767
0.87806
0.87812
0.87819
0.87933
0.88066
0.88096
0.881
0.88164
0.8817
0.88202
0.88204
0.88207
0.88228
0.88284
0.88287
0.8829
0.88291
0.88301
0.88315
0.88325
0.88331
0.88393
0.88397
0.88404
0.88437
0.88442
0.88498
0.88519
0.88525
0.88572
0.8861
0.88639
0.88666
0.88668
0.88673
0.88702
0.88824
0.8884
0.88844
0.88866
0.88898
0.88905
0.8893
0.88932
0.88999
0.89013
0.89024
0.8907
0.89078
0.89104
0.89227
0.89241
0.89284
0.89329
0.89334
0.89419
0.89432
0.89441
0.89486
0.89495
0.89551
0.89629
0.89642
0.89662
0.89667
0.89706
0.89709
0.89787
0.89811
0.89863
0.89876
0.89882
0.89976
0.89986
0.89996
0.90019
0.90046
0.90217
0.90306
0.90327
0.9033
0.90366
0.9039
0.90395
0.90417
0.90449
0.90463
0.90582
0.90595
0.90661
0.90668
0.90675
0.90718
0.90725
0.9074
0.90812
0.90828
0.90834
0.90849
0.90932
0.90989
0.91002
0.9102
0.91045
0.91125
0.91133
0.91248
0.91299
0.91303
0.91438
0.91459
0.91465
0.91488
0.91564
0.91597
0.91647
0.91664
0.91667
0.91715
0.9172
0.91761
0.91785
0.9182
0.91862
0.91875
0.91883
0.91886
0.91931
0.91937
0.91944
0.91956
0.91974
0.91987
0.92042
0.92057
0.92083
0.92125
0.92172
0.92218
0.92392
0.92555
0.92569
0.92634
0.92697
0.92708
0.92717
0.9277
0.92787
0.92828
0.9287
0.92952
0.92989
0.93
0.93002
0.93018
0.93049
0.93065
0.93071
0.93084
0.93136
0.93194
0.93212
0.93215
0.93224
0.93245
0.93263
0.93279
0.93296
0.93312
0.93341
0.93353
0.93419
0.93428
0.93457
0.93479
0.93649
0.93649
0.93657
0.93713
0.93739
0.9375
0.93782
0.93869
0.93872
0.93881
0.9389
0.93947
0.93969
0.93979
0.94009
0.94054
0.94059
0.94096
0.94115
0.94121
0.94131
0.94133
0.9415
0.94166
0.94195
0.94203
0.94317
0.94323
0.94328
0.94336
0.94384
0.94391
0.94392
0.94397
0.94489
0.94508
0.9451
0.94673
0.94714
0.94793
0.94831
0.94833
0.94878
0.94901
0.94943
0.94946
0.9496
0.94961
0.95005
0.95018
0.95031
0.95111
0.95162
0.95205
0.95268
0.95273
0.95279
0.95282
0.95352
0.95384
0.95399
0.95404
0.95406
0.95416
0.9543
0.95451
0.95461
0.9547
0.95478
0.9548
0.95523
0.95533
0.95615
0.95688
0.95753
0.95763
0.95782
0.95788
0.95811
0.95817
0.95831
0.95933
0.9603
0.96084
0.96155
0.96181
0.96189
0.96197
0.96221
0.96223
0.9623
0.96242
0.96253
0.96289
0.96321
0.96337
0.96356
0.96427
0.96445
0.96569
0.9658
0.96621
0.96651
0.96659
0.96691
0.96691
0.96709
0.96717
0.96721
0.96729
0.96849
0.96902
0.97001
0.97036
0.97047
0.97107
0.97109
0.97174
0.97199
0.97291
0.97306
0.97336
0.9734
0.97354
0.97367
0.974
0.97455
0.9749
0.9749
0.97521
0.97547
0.97681
0.97692
0.97708
0.97798
0.97832
0.97847
0.97857
0.97881
0.97955
0.97978
0.98031
0.98048
0.98097
0.9812
0.98126
0.98135
0.9816
0.98161
0.98183
0.98222
0.98251
0.98257
0.98259
0.98285
0.98383
0.98428
0.98451
0.98463
0.98477
0.9848
0.98524
0.98559
0.98701
0.98714
0.98761
0.98816
0.98833
0.98853
0.98857
0.98911
0.98946
0.98967
0.98986
0.99
0.99021
0.99068
0.99091
0.99102
0.99117
0.99139
0.99329
0.99335
0.99375
0.99388
0.9949
0.99506
0.99567
0.99601
0.99641
0.99703
0.99712
0.9974
0.99778
0.9983
0.99849
0.99863
0.99866
0.99869
0.99873
0.99905
0.99944
0.99957
0.99991
0.99993
0.99999
