0.00014
0.00017
0.0003
0.00033
0.00057
0.00081
0.00126
0.00141
0.00147
0.0017
0.00175
0.00177
0.0019
0.00211
0.00245
0.00267
0.00272
0.00272
0.00284
0.00305
0.00321
0.00332
0.00347
0.00376
0.0039
0.00408
0.00432
0.00447
0.00468
0.00512
0.00528
0.00564
0.00614
0.00627
0.00637
0.00638
0.00665
0.00671
0.00696
0.00697
0.00745
0.0075
0.00764
0.00813
0.00826
0.00829
0.00831
0.00877
0.00911
0.00912
0.00916
0.0092
0.00924
0.00938
0.00954
0.00955
0.00965
0.00991
0.01017
0.01021
0.0103
0.01039
0.01067
0.01076
0.01085
0.01089
0.01095
0.01115
0.01151
0.01167
0.01176
0.0119
0.01191
0.012
0.012
0.01224
0.01245
0.01253
0.01278
0.01311
0.01312
0.01325
0.01333
0.01347
0.01362
0.01364
0.01381
0.0139
0.01403
0.01443
0.0145
0.01451
0.01456
0.01474
0.01477
0.01487
0.01514
0.01528
0.01547
0.01554
0.01597
0.01619
0.01665
0.01666
0.01675
0.01677
0.01682
0.01692
0.01703
0.01728
0.01729
0.01753
0.01765
0.01776
0.01777
0.01793
0.01798
0.01806
0.01809
0.01813
0.01834
0.01842
0.01849
0.01858
0.01866
0.01871
0.0188
0.01893
0.01944
0.01948
0.01978
0.01981
0.01994
0.02023
0.02037
0.0204
0.02062
0.02074
0.02131
0.02138
0.02146
0.02155
0.02175
0.02177
0.0218
0.02184
0.0221
0.02221
0.02224
0.02231
0.02231
0.02234
0.02283
0.02291
0.02294
0.02298
0.02301
0.02307
0.0232
0.02335
0.02373
0.02376
0.02388
0.02415
0.02427
0.02441
0.02443
0.02448
0.02451
0.02451
0.02459
0.02464
0.02491
0.02502
0.02519
0.02531
0.0254
0.02548
0.02548
0.02552
0.02574
0.02578
0.02579
0.0258
0.0261
0.0272
0.02728
0.02733
0.02736
0.0276
0.02768
0.02769
0.02799
0.02801
0.02804
0.02826
0.0284
0.02861
0.0287
0.02874
0.0288
0.02887
0.02892
0.02895
0.02897
0.02901
0.02947
0.02977
0.02984
0.02999
0.03004
0.03025
0.0303
0.03059
0.0306
0.03062
0.03067
0.03086
0.03092
0.03111
0.0312
0.03165
0.03172
0.03196
0.03197
0.03222
0.03236
0.03246
0.03258
0.0326
0.03263
0.03354
0.03355
0.03363
0.03379
0.03399
0.03404
0.03405
0.03411
0.03432
0.03439
0.03443
0.03471
0.03481
0.03482
0.03494
0.03512
0.03542
0.0358
0.03581
0.03618
0.03627
0.03627
0.03645
0.03661
0.03679
0.03689
0.03696
0.03722
0.03733
0.03749
0.03762
0.03768
0.0377
0.03781
0.03796
0.03807
0.03852
0.03922
0.03929
0.0393
0.03934
0.03935
0.03946
0.03972
0.03982
0.04004
0.04035
0.04037
0.04038
0.04039
0.04059
0.04073
0.04098
0.04112
0.0413
0.04153
0.04157
0.04164
0.04212
0.04222
0.04264
0.04275
0.04308
0.04318
0.04336
0.0434
0.04366
0.04378
0.04402
0.04407
0.04421
0.04422
0.04438
0.04457
0.0446
0.04462
0.04503
0.04509
0.04518
0.04536
0.0455
0.04555
0.04555
0.04568
0.04578
0.04592
0.04618
0.04623
0.04639
0.0468
0.04696
0.04702
0.04733
0.04748
0.04757
0.04764
0.04766
0.04769
0.0477
0.04781
0.0479
0.04813
0.04834
0.04842
0.04902
0.04917
0.04925
0.04941
0.04992
0.05005
0.0501
0.05013
0.05023
0.05029
0.05061
0.05061
0.05072
0.05127
0.05147
0.05152
0.05195
0.05209
0.05233
0.05238
0.05265
0.05272
0.05291
0.05296
0.053
0.05311
0.05337
0.05341
0.05355
0.05365
0.05379
0.05386
0.05395
0.05449
0.05449
0.05457
0.0546
0.05467
0.05473
0.05477
0.05478
0.05517
0.05526
0.05564
0.05572
0.05572
0.05572
0.05576
0.0558
0.05587
0.05588
0.05594
0.05594
0.05601
0.05611
0.05626
0.05627
0.05631
0.05632
0.0564
0.0565
0.05654
0.05656
0.05658
0.05695
0.05699
0.0572
0.05727
0.05727
0.0573
0.05731
0.05733
0.05759
0.05764
0.05784
0.0586
0.0589
0.0589
0.05891
0.05894
0.05899
0.05899
0.05907
0.05926
0.05937
0.05941
0.05957
0.05957
0.0597
0.05971
0.05978
0.05985
0.06042
0.0605
0.06057
0.06081
0.06088
0.06111
0.06124
0.06124
0.06137
0.06203
0.06228
0.06256
0.06262
0.06265
0.0627
0.06273
0.0628
0.06292
0.0632
0.06322
0.06325
0.06326
0.06328
0.06345
0.06353
0.06357
0.06384
0.06426
0.06436
0.06456
0.06461
0.06488
0.06508
0.06539
0.06543
0.06544
0.06579
0.06594
0.06623
0.06639
0.06645
0.06653
0.06668
0.06675
0.06691
0.06702
0.06703
0.06715
0.06724
0.06739
0.0674
0.06741
0.06772
0.06795
0.06796
0.06822
0.06832
0.06851
0.06851
0.06867
0.06888
0.06915
0.06941
0.06943
0.06944
0.06949
0.06978
0.0698
0.06994
0.06996
0.06997
0.07002
0.07014
0.07019
0.07032
0.07035
0.07054
0.07078
0.0709
0.07093
0.07113
0.07123
0.07128
0.07129
0.07131
0.07131
0.07148
0.07186
0.07226
0.07233
0.07235
0.07236
0.07242
0.07257
0.07258
0.07258
0.07291
0.07336
0.07337
0.07357
0.07361
0.07369
0.07374
0.07402
0.07426
0.07443
0.07463
0.07476
0.07479
0.07481
0.07501
0.07544
0.07576
0.07589
0.07606
0.0761
0.07621
0.07624
0.07626
0.07637
0.0764
0.0765
0.07658
0.07658
0.07664
0.07707
0.07714
0.07725
0.07737
0.07749
0.07759
0.07779
0.07782
0.07783
0.07786
0.07796
0.07819
0.07827
0.07839
0.07858
0.07859
0.07868
0.0787
0.07871
0.07878
0.07924
0.07931
0.07939
0.07995
0.07995
0.08
0.08006
0.08024
0.08054
0.08066
0.08068
0.08077
0.08129
0.0813
0.08154
0.08157
0.0817
0.08171
0.08172
0.08173
0.08177
0.08181
0.08193
0.08195
0.08216
0.08233
0.08254
0.08255
0.08257
0.08271
0.08284
0.08291
0.08295
0.08298
0.08301
0.08328
0.08351
0.08366
0.08366
0.0838
0.08381
0.08445
0.0846
0.08461
0.08472
0.08484
0.08484
0.08486
0.08491
0.08508
0.08515
0.0852
0.08533
0.08537
0.08564
0.08577
0.08603
0.08611
0.08625
0.08632
0.08633
0.0865
0.08667
0.0867
0.08681
0.08692
0.08786
0.08793
0.08794
0.08805
0.08818
0.08836
0.08837
0.08842
0.08856
0.08868
0.08888
0.08914
0.08927
0.08958
0.08974
0.08985
0.08988
0.09016
0.0902
0.09025
0.09028
0.09054
0.09068
0.09072
0.09081
0.09086
0.09089
0.09089
0.0909
0.09118
0.0912
0.09166
0.09169
0.09171
0.09174
0.09181
0.09186
0.09213
0.09215
0.09236
0.09247
0.0928
0.09295
0.09298
0.09318
0.0934
0.09344
0.09354
0.09361
0.09376
0.09407
0.0943
0.09468
0.09481
0.09494
0.09508
0.09536
0.09561
0.09563
0.09565
0.09597
0.09605
0.09611
0.09623
0.0963
0.09632
0.09634
0.09638
0.09644
0.09654
0.09672
0.09674
0.09683
0.09686
0.09706
0.09714
0.09738
0.09747
0.09762
0.09795
0.09796
0.09802
0.09815
0.09823
0.09841
0.09861
0.09864
0.09879
0.09884
0.09893
0.09898
0.09902
0.09912
0.09916
0.09945
0.09957
0.0996
0.09974
0.0998
0.09984
0.1
0.10001
0.10014
0.10015
0.10019
0.10025
0.10031
0.10051
0.1008
0.10088
0.10103
0.10145
0.10149
0.10182
0.10184
0.10193
0.102
0.10209
0.10257
0.10308
0.10339
0.10347
0.10354
0.10374
0.10397
0.10406
0.1043
0.10435
0.10437
0.10438
0.10442
0.10449
0.10453
0.1046
0.10501
0.10521
0.10521
0.10526
0.10548
0.1055
0.10556
0.10558
0.10637
0.10657
0.10659
0.10683
0.10684
0.1073
0.10754
0.10785
0.10785
0.10794
0.10815
0.10828
0.10841
0.10845
0.10853
0.10854
0.10881
0.10891
0.10968
0.10974
0.10997
0.10999
0.10999
0.11002
0.11013
0.11031
0.11041
0.11045
0.11053
0.11063
0.11067
0.11095
0.11107
0.11112
0.11139
0.11141
0.11147
0.11153
0.11153
0.11157
0.1116
0.1118
0.11182
0.11183
0.11186
0.11214
0.11219
0.11234
0.11257
0.11286
0.11306
0.1131
0.11342
0.11353
0.11371
0.11376
0.11377
0.1138
0.11385
0.11395
0.11401
0.11406
0.11418
0.11428
0.11433
0.1146
0.11466
0.11483
0.11498
0.11519
0.1152
0.11554
0.11559
0.1156
0.11573
0.11574
0.11582
0.11584
0.11585
0.11599
0.11622
0.11631
0.11643
0.11643
0.11659
0.11682
0.11693
0.11705
0.11728
0.11731
0.11762
0.11768
0.11782
0.1179
0.11807
0.11815
0.11835
0.11849
0.11859
0.11897
0.11922
0.11947
0.11991
0.11993
0.12003
0.12037
0.12083
0.12096
0.12109
0.12141
0.12166
0.12182
0.12195
0.1221
0.12227
0.12302
0.12306
0.12329
0.12329
0.12333
0.12361
0.12367
0.12371
0.12381
0.12382
0.12382
0.12397
0.12398
0.12479
0.12498
0.12516
0.12522
0.12532
0.12533
0.12545
0.12554
0.12645
0.12649
0.12708
0.12723
0.12725
0.12755
0.12774
0.1278
0.1279
0.12809
0.12848
0.12857
0.1287
0.12878
0.12892
0.12915
0.12917
0.12935
0.12947
0.12949
0.12964
0.12985
0.12988
0.12994
0.12996
0.13028
0.13033
0.13039
0.13045
0.13055
0.1307
0.1307
0.13079
0.1308
0.13092
0.13116
0.13132
0.13171
0.13189
0.13203
0.13216
0.13223
0.1324
0.13248
0.13272
0.13285
0.13286
0.13287
0.13287
0.13287
0.13302
0.13353
0.13368
0.13369
0.13382
0.13389
0.13448
0.13504
0.13511
0.13525
0.13527
0.13548
0.1355
0.13563
0.13565
0.1359
0.13591
0.13599
0.13601
0.13611
0.13635
0.13674
0.13679
0.1368
0.13698
0.13701
0.13703
0.13706
0.13711
0.13746
0.13751
0.13758
0.13776
0.13784
0.13787
0.13795
0.1382
0.13822
0.13851
0.13853
0.13855
0.13859
0.13889
0.13897
0.13897
0.13906
0.13921
0.13944
0.13946
0.13969
0.1398
0.13989
0.1399
0.13998
0.1402
0.14035
0.14042
0.14061
0.14065
0.14072
0.14118
0.14163
0.14179
0.14189
0.14196
0.14198
0.14205
0.14208
0.14245
0.14265
0.14273
0.14274
0.14277
0.14288
0.14302
0.14303
0.14305
0.14316
0.14319
0.14321
0.14325
0.14383
0.14429
0.1443
0.14457
0.1446
0.14473
0.14513
0.1453
0.14572
0.14574
0.14593
0.14594
0.146
0.14603
0.14636
0.14638
0.14648
0.14674
0.14713
0.14721
0.14745
0.1475
0.14773
0.14788
0.14799
0.14812
0.14825
0.14826
0.14847
0.14858
0.14925
0.14937
0.14958
0.1497
0.14995
0.15
0.15006
0.15026
0.1503
0.15034
0.15047
0.15079
0.15083
0.15084
0.15101
0.15115
0.15126
0.1513
0.15131
0.15138
0.15149
0.15153
0.1516
0.15178
0.15192
0.15195
0.15232
0.15237
0.15237
0.15257
0.15258
0.15261
0.15264
0.15341
0.15341
0.15347
0.15366
0.15366
0.15369
0.1537
0.15396
0.15407
0.15427
0.1543
0.15432
0.15489
0.15491
0.15504
0.15541
0.15546
0.15579
0.15592
0.15596
0.15597
0.15598
0.15621
0.15642
0.15649
0.15662
0.15685
0.15712
0.15719
0.15729
0.1574
0.15742
0.15773
0.15803
0.15827
0.15839
0.15861
0.15881
0.15899
0.15908
0.1591
0.15915
0.15947
0.15948
0.15948
0.15949
0.15954
0.15964
0.15977
0.15997
0.16044
0.16067
0.16103
0.16105
0.16152
0.16172
0.16178
0.1618
0.16234
0.1624
0.16267
0.16269
0.16269
0.16278
0.163
0.1631
0.16326
0.16327
0.16329
0.16338
0.1635
0.16354
0.1637
0.16377
0.16379
0.16383
0.16383
0.16388
0.16433
0.1645
0.16462
0.16467
0.16483
0.16491
0.16512
0.16519
0.16523
0.16524
0.1653
0.16532
0.16574
0.16603
0.1661
0.16613
0.16635
0.16637
0.16652
0.16668
0.16675
0.16679
0.16698
0.16728
0.16731
0.16736
0.16739
0.16773
0.16773
0.16775
0.16777
0.16782
0.168
0.16809
0.16858
0.16875
0.16884
0.16895
0.16899
0.1691
0.16917
0.1693
0.16944
0.16945
0.16953
0.16955
0.16969
0.16978
0.16991
0.17003
0.1701
0.17011
0.1703
0.17063
0.17088
0.171
0.171
0.17142
0.17151
0.17176
0.17201
0.17219
0.17242
0.17252
0.17256
0.1728
0.17281
0.17308
0.17316
0.17318
0.17318
0.17321
0.17321
0.17326
0.17362
0.17377
0.17405
0.17405
0.17414
0.17435
0.17448
0.17452
0.1747
0.17477
0.17534
0.17542
0.17543
0.17554
0.17559
0.17574
0.17575
0.17578
0.1759
0.17651
0.1767
0.17684
0.17698
0.17699
0.17702
0.17743
0.17766
0.17779
0.17788
0.17798
0.17821
0.17834
0.17849
0.1785
0.17879
0.1788
0.17889
0.179
0.17901
0.17907
0.17909
0.17914
0.17917
0.17945
0.17957
0.17963
0.17977
0.17981
0.18022
0.18025
0.18028
0.18036
0.18058
0.18063
0.18103
0.18109
0.18111
0.18112
0.18126
0.18153
0.18161
0.18184
0.18185
0.18189
0.18194
0.182
0.18203
0.18213
0.18217
0.18229
0.18231
0.18234
0.18262
0.18276
0.18298
0.183
0.18305
0.18306
0.18349
0.18357
0.18371
0.18375
0.18376
0.18378
0.18383
0.18409
0.18416
0.18427
0.18428
0.18457
0.18467
0.1848
0.18524
0.18538
0.1855
0.1859
0.18623
0.18638
0.18646
0.18646
0.18649
0.1865
0.18651
0.18668
0.18673
0.18676
0.18677
0.18691
0.18693
0.18712
0.18732
0.18739
0.18747
0.18752
0.18766
0.18773
0.1879
0.18794
0.18802
0.18817
0.18822
0.18844
0.18849
0.18855
0.18874
0.18891
0.18894
0.18897
0.18905
0.18933
0.18934
0.18949
0.18951
0.18981
0.19005
0.1907
0.19091
0.19118
0.1913
0.19141
0.19141
0.19191
0.19205
0.19238
0.19297
0.19307
0.19329
0.19349
0.19353
0.19357
0.19373
0.19388
0.19398
0.19445
0.19469
0.19483
0.19491
0.1951
0.1952
0.19527
0.19527
0.19563
0.19574
0.19579
0.19582
0.19588
0.19626
0.1963
0.1965
0.19655
0.19655
0.19679
0.19722
0.19731
0.19736
0.19738
0.19739
0.1975
0.1977
0.19771
0.19772
0.19782
0.1987
0.1987
0.19881
0.19886
0.19892
0.19924
0.19929
0.19929
0.1993
0.19946
0.19953
0.19982
0.19987
0.19999
0.20005
0.20018
0.2002
0.20029
0.20056
0.20067
0.20085
0.20093
0.20096
0.20108
0.20128
0.20171
0.20224
0.20225
0.20239
0.20294
0.20331
0.20344
0.20361
0.20368
0.20373
0.20385
0.2039
0.20403
0.20411
0.20429
0.2044
0.20452
0.20461
0.2052
0.2053
0.20541
0.20556
0.20572
0.20608
0.2061
0.20665
0.20667
0.20683
0.20705
0.20706
0.2074
0.20743
0.20771
0.20781
0.20781
0.20823
0.20843
0.20847
0.20859
0.20867
0.20888
0.20893
0.20901
0.20902
0.20921
0.20922
0.20959
0.20976
0.20989
0.2099
0.2099
0.21027
0.21031
0.21046
0.21049
0.21072
0.21095
0.21095
0.21101
0.21102
0.21106
0.21118
0.21121
0.21143
0.21178
0.21181
0.21186
0.21205
0.21206
0.21206
0.21216
0.21229
0.21233
0.21254
0.2126
0.21261
0.21267
0.2127
0.21274
0.21276
0.21276
0.21276
0.21319
0.21332
0.21339
0.21359
0.2141
0.21414
0.2142
0.21462
0.21462
0.21476
0.21488
0.21489
0.21505
0.21508
0.21513
0.21548
0.21561
0.21566
0.21625
0.21633
0.21633
0.2165
0.21657
0.21658
0.21675
0.21676
0.21682
0.21712
0.21737
0.21757
0.21761
0.21761
0.21782
0.21785
0.21804
0.21812
0.21818
0.21842
0.21852
0.21875
0.21876
0.21929
0.2194
0.21944
0.21946
0.21948
0.21957
0.2197
0.21982
0.21983
0.21991
0.21993
0.21994
0.22027
0.22072
0.2208
0.22091
0.22095
0.22098
0.2211
0.22117
0.22137
0.2214
0.22154
0.22161
0.22171
0.22192
0.22198
0.22211
0.22215
0.22246
0.22264
0.22265
0.22269
0.2227
0.22305
0.22316
0.22327
0.22331
0.22332
0.22333
0.22346
0.22358
0.22364
0.22408
0.22421
0.22425
0.22433
0.22434
0.22441
0.22475
0.22508
0.22513
0.2252
0.22531
0.22538
0.22554
0.22583
0.22591
0.22624
0.22634
0.22637
0.22646
0.22733
0.22734
0.22743
0.22761
0.22767
0.22768
0.22789
0.22794
0.22808
0.22808
0.22815
0.22818
0.2282
0.22832
0.22842
0.22908
0.2292
0.22922
0.22964
0.22965
0.22984
0.23016
0.23022
0.23046
0.23066
0.23139
0.23151
0.23151
0.23188
0.23192
0.23198
0.23206
0.23214
0.23223
0.23229
0.23237
0.23272
0.23273
0.23273
0.23306
0.23337
0.2335
0.23404
0.2341
0.23431
0.23442
0.23445
0.23462
0.23463
0.23466
0.23486
0.23494
0.235
0.23507
0.2352
0.23549
0.23557
0.23571
0.23603
0.2361
0.23624
0.2363
0.2366
0.23675
0.23684
0.23694
0.23718
0.23722
0.23725
0.23785
0.23828
0.23832
0.23861
0.23876
0.23885
0.23889
0.23895
0.23914
0.23956
0.23958
0.23958
0.23961
0.23965
0.23985
0.23998
0.24023
0.24027
0.24042
0.24046
0.24047
0.24075
0.2408
0.24092
0.24103
0.2412
0.2412
0.24125
0.24134
0.24147
0.24187
0.24193
0.24203
0.24206
0.24214
0.24232
0.24247
0.2425
0.24303
0.2434
0.24343
0.2435
0.2436
0.24368
0.24381
0.24386
0.24387
0.24388
0.24393
0.24414
0.24422
0.24432
0.24435
0.24446
0.24469
0.24472
0.24522
0.24523
0.2453
0.24538
0.24544
0.24596
0.24613
0.24615
0.24638
0.24648
0.24664
0.2468
0.24689
0.24699
0.24711
0.24733
0.24746
0.24767
0.24787
0.24791
0.24797
0.24807
0.24809
0.24815
0.24826
0.24858
0.24882
0.24883
0.24884
0.24885
0.24892
0.24894
0.24899
0.24908
0.24944
0.24951
0.24956
0.2497
0.24972
0.24978
0.24982
0.25004
0.25019
0.2505
0.25051
0.25055
0.25066
0.25067
0.25094
0.25101
0.25111
0.25148
0.2515
0.25166
0.25177
0.25196
0.25209
0.25222
0.2523
0.25248
0.2525
0.25259
0.25261
0.25274
0.25278
0.25291
0.25296
0.25313
0.25316
0.25333
0.25346
0.25352
0.25372
0.25383
0.25385
0.25401
0.25413
0.25436
0.25462
0.25474
0.25486
0.25504
0.25512
0.2552
0.25525
0.25528
0.25556
0.25557
0.25584
0.25586
0.25595
0.25615
0.25616
0.2566
0.257
0.25704
0.25705
0.25734
0.25736
0.25742
0.2577
0.25776
0.25777
0.25792
0.25801
0.25809
0.25812
0.25854
0.25855
0.25872
0.25872
0.25885
0.25907
0.25916
0.25923
0.25946
0.25957
0.25964
0.25974
0.26038
0.26042
0.26049
0.26091
0.26118
0.26126
0.26164
0.26171
0.2619
0.26209
0.26212
0.2622
0.26231
0.26286
0.26291
0.26295
0.26342
0.26353
0.2639
0.2642
0.26429
0.26432
0.26445
0.26488
0.26491
0.26516
0.26523
0.26533
0.2657
0.26588
0.26592
0.2661
0.26633
0.26635
0.26638
0.26664
0.26665
0.26697
0.26711
0.26724
0.26764
0.26766
0.26783
0.26789
0.26807
0.26846
0.26849
0.26851
0.26893
0.26894
0.26897
0.26898
0.26904
0.26928
0.26943
0.26948
0.26961
0.26975
0.26989
0.27049
0.27055
0.27065
0.27068
0.27083
0.27107
0.27129
0.27131
0.2714
0.27196
0.27202
0.27213
0.27215
0.27228
0.2723
0.27235
0.2726
0.27262
0.27273
0.27284
0.27291
0.27293
0.27312
0.27347
0.27365
0.27375
0.274
0.27429
0.27432
0.27453
0.27471
0.27474
0.27476
0.27507
0.27517
0.27523
0.27527
0.2753
0.27537
0.27563
0.27564
0.27572
0.27581
0.27585
0.27594
0.2761
0.2761
0.27617
0.27619
0.2763
0.27706
0.27731
0.27737
0.27756
0.27761
0.27779
0.27779
0.27812
0.27828
0.27828
0.27849
0.27857
0.27894
0.27895
0.27909
0.27909
0.2793
0.27952
0.27964
0.27965
0.27969
0.27977
0.27986
0.27995
0.27996
0.27997
0.28013
0.28016
0.28031
0.28032
0.28076
0.28117
0.2816
0.28178
0.28208
0.28213
0.28218
0.28219
0.28228
0.28229
0.28246
0.28262
0.28273
0.28301
0.28308
0.28343
0.28352
0.28353
0.28356
0.28373
0.28378
0.28417
0.2843
0.2844
0.28455
0.28458
0.2846
0.28463
0.28464
0.2847
0.28472
0.28508
0.2852
0.28533
0.28549
0.28574
0.28578
0.28579
0.28598
0.28607
0.28609
0.28614
0.28625
0.2863
0.28633
0.28647
0.28652
0.2866
0.28677
0.28702
0.28785
0.28808
0.28808
0.28809
0.28811
0.28824
0.28827
0.28831
0.28837
0.28845
0.28855
0.28879
0.2889
0.28897
0.28943
0.28948
0.28949
0.2895
0.28973
0.28982
0.28987
0.28993
0.29002
0.29007
0.29014
0.29015
0.29025
0.29032
0.29042
0.29119
0.29121
0.29133
0.29174
0.29193
0.29195
0.29201
0.29202
0.29219
0.29223
0.29242
0.29266
0.29268
0.29293
0.29305
0.29317
0.29334
0.29336
0.29344
0.29349
0.29351
0.29359
0.29368
0.29368
0.29385
0.29407
0.29407
0.29418
0.29424
0.29454
0.29459
0.29459
0.29472
0.29489
0.29497
0.29503
0.29511
0.29511
0.29513
0.29527
0.29527
0.2956
0.29562
0.29566
0.29613
0.29625
0.29629
0.29635
0.29638
0.29691
0.2972
0.29747
0.29748
0.29753
0.29776
0.29816
0.29825
0.29827
0.29834
0.29863
0.29871
0.29889
0.29894
0.29911
0.29936
0.29949
0.29956
0.29965
0.29971
0.30003
0.30008
0.30012
0.30034
0.30045
0.30045
0.30071
0.30085
0.30089
0.30102
0.30115
0.30122
0.30129
0.3013
0.30142
0.30151
0.30158
0.3017
0.30171
0.30194
0.30208
0.3022
0.30225
0.30251
0.3028
0.30284
0.30307
0.30317
0.30323
0.30334
0.30356
0.30359
0.30362
0.30385
0.30397
0.30413
0.30459
0.30461
0.30467
0.30479
0.30482
0.30483
0.30487
0.30491
0.30492
0.30498
0.30507
0.30513
0.30534
0.30544
0.30573
0.30581
0.30586
0.30597
0.30638
0.3064
0.30644
0.30656
0.30659
0.30665
0.30668
0.30677
0.30692
0.307
0.30718
0.30747
0.30752
0.3076
0.3077
0.30776
0.30781
0.30782
0.30783
0.30805
0.30835
0.30861
0.30862
0.30876
0.30894
0.30912
0.30916
0.30961
0.30997
0.30997
0.31015
0.31028
0.31048
0.3107
0.31072
0.3109
0.31094
0.31106
0.31144
0.3115
0.31153
0.31183
0.31206
0.31222
0.3126
0.31269
0.31272
0.31283
0.31314
0.31315
0.31325
0.31359
0.31395
0.31397
0.31403
0.31419
0.3142
0.31429
0.31456
0.31501
0.31517
0.31555
0.31572
0.31636
0.31639
0.3166
0.31674
0.31697
0.31709
0.31745
0.31786
0.31794
0.31831
0.31853
0.31859
0.31859
0.31876
0.31877
0.31901
0.31937
0.31965
0.31992
0.32008
0.3202
0.32021
0.32037
0.3204
0.32043
0.32056
0.32086
0.32087
0.32097
0.32119
0.3216
0.32176
0.32198
0.32226
0.32234
0.32272
0.32292
0.32294
0.32314
0.32319
0.32333
0.32334
0.32337
0.3234
0.32358
0.32358
0.32369
0.32385
0.32389
0.32401
0.32424
0.32428
0.32452
0.32453
0.32481
0.32497
0.32525
0.32576
0.32602
0.32605
0.32608
0.32608
0.32622
0.3266
0.3266
0.3267
0.32691
0.32694
0.32695
0.32712
0.32734
0.32739
0.32747
0.3277
0.32787
0.32803
0.3281
0.32811
0.32821
0.32829
0.32838
0.32843
0.32858
0.32859
0.32864
0.3288
0.32904
0.32916
0.32924
0.32928
0.32932
0.32957
0.32994
0.33
0.33014
0.33028
0.3306
0.33066
0.33076
0.33102
0.33103
0.3312
0.33134
0.33154
0.33174
0.33181
0.33196
0.3321
0.33211
0.33211
0.33223
0.33225
0.33245
0.33246
0.33249
0.33268
0.33275
0.33279
0.3328
0.33364
0.33364
0.3337
0.33378
0.334
0.33401
0.33411
0.33441
0.33461
0.33488
0.335
0.33505
0.33537
0.33565
0.33572
0.33583
0.3362
0.33624
0.3363
0.33659
0.33661
0.3368
0.33681
0.33697
0.33699
0.33743
0.33747
0.3376
0.33771
0.33778
0.3378
0.33806
0.33823
0.33863
0.33864
0.33881
0.3389
0.33894
0.33921
0.33928
0.33962
0.33967
0.33987
0.33988
0.33996
0.33997
0.34009
0.34014
0.34021
0.34045
0.34061
0.34063
0.34091
0.34092
0.34094
0.34098
0.34123
0.34138
0.34142
0.34148
0.34163
0.34214
0.34219
0.3422
0.34223
0.34224
0.34227
0.34228
0.34233
0.34241
0.34263
0.34305
0.34306
0.34309
0.34321
0.34333
0.34352
0.34359
0.34369
0.34384
0.34411
0.34412
0.34416
0.3442
0.34423
0.34428
0.34443
0.34445
0.34467
0.34489
0.34506
0.3452
0.34533
0.34542
0.34569
0.34572
0.34578
0.34606
0.34614
0.34623
0.34639
0.34641
0.34642
0.34657
0.34669
0.34669
0.34674
0.34681
0.34687
0.347
0.3471
0.3472
0.34734
0.34734
0.34741
0.3479
0.34803
0.3484
0.3484
0.34879
0.34883
0.34904
0.34923
0.34935
0.34971
0.35042
0.3509
0.35092
0.3512
0.35128
0.3513
0.35134
0.35151
0.35167
0.3518
0.35195
0.35205
0.35209
0.35222
0.35222
0.35228
0.35236
0.35238
0.35248
0.35263
0.35266
0.35322
0.35341
0.35387
0.35417
0.35435
0.35436
0.35456
0.35462
0.35466
0.3547
0.35486
0.35493
0.355
0.35537
0.35541
0.35551
0.35552
0.35579
0.35582
0.35584
0.35596
0.35611
0.35614
0.35622
0.35631
0.3564
0.35641
0.35644
0.35648
0.35688
0.35697
0.35717
0.35726
0.35732
0.35786
0.35798
0.358
0.35811
0.3582
0.35824
0.35841
0.35884
0.35903
0.3591
0.35912
0.35935
0.3594
0.35954
0.3596
0.35973
0.35982
0.35991
0.35992
0.36001
0.36021
0.36034
0.3604
0.36062
0.36102
0.36117
0.36137
0.36148
0.36174
0.36184
0.36186
0.36195
0.36211
0.36212
0.36227
0.36237
0.36254
0.36263
0.36298
0.36303
0.36349
0.36353
0.36372
0.36393
0.36396
0.36405
0.36415
0.36426
0.36426
0.36444
0.36457
0.36475
0.36487
0.3651
0.36522
0.36533
0.36544
0.36561
0.36572
0.36582
0.36599
0.36602
0.3663
0.36638
0.36645
0.36712
0.36732
0.36749
0.3675
0.36763
0.36767
0.36769
0.36785
0.368
0.36821
0.36829
0.36845
0.36876
0.36898
0.36903
0.36935
0.3694
0.36946
0.36977
0.37013
0.37015
0.37049
0.37052
0.37052
0.37065
0.3707
0.37116
0.37119
0.37136
0.37161
0.37162
0.37176
0.37177
0.37179
0.3719
0.37199
0.37217
0.37221
0.37232
0.3724
0.37254
0.37277
0.37284
0.37314
0.37318
0.37346
0.37347
0.37351
0.37357
0.37366
0.37386
0.37388
0.37394
0.37406
0.37408
0.37413
0.37418
0.37446
0.37461
0.37462
0.37469
0.37475
0.37487
0.375
0.37553
0.37556
0.37561
0.37575
0.37591
0.37605
0.37632
0.37654
0.37659
0.37731
0.37769
0.37806
0.37891
0.379
0.37902
0.37935
0.37944
0.37945
0.3795
0.37953
0.37954
0.37962
0.37977
0.38048
0.38059
0.3807
0.38074
0.38087
0.38091
0.38147
0.38205
0.38249
0.38256
0.38274
0.38287
0.38324
0.38336
0.38369
0.38374
0.38393
0.384
0.38418
0.38428
0.3844
0.38441
0.38444
0.38454
0.38463
0.38476
0.38492
0.38541
0.38545
0.38557
0.38577
0.38597
0.3864
0.38659
0.38663
0.38665
0.38675
0.38709
0.38714
0.38744
0.38758
0.38799
0.38844
0.38876
0.38879
0.38886
0.389
0.38914
0.38915
0.3892
0.38928
0.38929
0.38949
0.3896
0.38961
0.38985
0.39041
0.39046
0.39051
0.39055
0.39063
0.39072
0.39085
0.39089
0.39116
0.39144
0.39146
0.39157
0.39158
0.39191
0.39195
0.39209
0.39217
0.39221
0.39227
0.39251
0.39256
0.39266
0.39285
0.39297
0.39302
0.39305
0.39322
0.3933
0.39359
0.39364
0.39373
0.39377
0.39389
0.39397
0.39404
0.39428
0.39466
0.39467
0.39501
0.39526
0.39535
0.39563
0.39574
0.39578
0.39616
0.3962
0.39643
0.39664
0.39673
0.39686
0.39702
0.39703
0.39735
0.39744
0.39758
0.39857
0.39867
0.39918
0.39947
0.39964
0.3998
0.39983
0.39988
0.40003
0.40006
0.40022
0.40027
0.40037
0.40085
0.40097
0.40101
0.40112
0.40112
0.40128
0.40135
0.40136
0.40185
0.40204
0.40231
0.40246
0.40247
0.40248
0.40254
0.40261
0.40295
0.40307
0.4031
0.40338
0.40338
0.4034
0.40348
0.40351
0.40368
0.40371
0.40381
0.40381
0.40384
0.40399
0.40413
0.40419
0.40429
0.40435
0.40437
0.40448
0.40453
0.40478
0.40497
0.40506
0.40516
0.40527
0.40536
0.40548
0.40556
0.40559
0.40568
0.40604
0.40611
0.40612
0.40659
0.40697
0.40707
0.40714
0.40721
0.40731
0.40736
0.40752
0.40781
0.40783
0.40792
0.40794
0.40818
0.4082
0.40822
0.40835
0.40842
0.40849
0.40861
0.40887
0.40902
0.40917
0.40925
0.40967
0.40968
0.41018
0.41019
0.41029
0.41044
0.41071
0.41092
0.41109
0.41116
0.41125
0.41128
0.41177
0.41228
0.41262
0.41262
0.41264
0.41333
0.41354
0.4137
0.41385
0.41398
0.41399
0.41412
0.4142
0.41429
0.41432
0.41504
0.41514
0.4154
0.41556
0.41563
0.4157
0.41581
0.41581
0.41587
0.4159
0.41593
0.41613
0.41618
0.41622
0.41624
0.41626
0.41636
0.4167
0.4167
0.41693
0.41709
0.41726
0.41749
0.41759
0.41764
0.41767
0.41768
0.41774
0.41815
0.41835
0.4184
0.41864
0.41873
0.41878
0.41881
0.41881
0.41902
0.41903
0.41909
0.41929
0.4193
0.4193
0.41931
0.41932
0.4195
0.41977
0.42002
0.42009
0.42038
0.42063
0.42071
0.42083
0.42117
0.42117
0.42126
0.42133
0.42151
0.42192
0.42202
0.42208
0.4223
0.42237
0.42254
0.42261
0.42288
0.42299
0.42358
0.4236
0.42366
0.42391
0.42394
0.42397
0.42424
0.42441
0.42443
0.42445
0.42458
0.42481
0.42525
0.42542
0.42603
0.42609
0.4262
0.42626
0.42641
0.4268
0.42682
0.42704
0.42715
0.42729
0.42733
0.42755
0.42763
0.42768
0.42787
0.42794
0.4281
0.42827
0.42833
0.42852
0.42853
0.42861
0.42867
0.4287
0.42903
0.42926
0.42963
0.42975
0.42978
0.42986
0.42994
0.43033
0.43062
0.43065
0.43075
0.43079
0.43125
0.43128
0.4313
0.43141
0.43141
0.43155
0.43172
0.43175
0.43178
0.43186
0.4319
0.43198
0.432
0.4321
0.43255
0.4327
0.43273
0.43304
0.4333
0.43338
0.43381
0.43415
0.43416
0.43425
0.43431
0.43452
0.43463
0.43483
0.43501
0.43511
0.4352
0.43521
0.43528
0.43537
0.43554
0.43565
0.43567
0.43608
0.43622
0.43639
0.43651
0.43661
0.43678
0.43683
0.43711
0.43719
0.4372
0.43722
0.43733
0.43752
0.43762
0.43762
0.43767
0.43782
0.43799
0.438
0.43834
0.43835
0.43836
0.43842
0.43851
0.43863
0.43872
0.439
0.43908
0.43912
0.43918
0.43925
0.43941
0.43948
0.43956
0.4397
0.43978
0.44027
0.44034
0.44041
0.44082
0.441
0.44104
0.44107
0.44124
0.44132
0.4414
0.44141
0.44159
0.44178
0.44179
0.44192
0.44198
0.44211
0.44249
0.44255
0.44268
0.44272
0.44288
0.44305
0.44313
0.44321
0.44325
0.44333
0.44342
0.44345
0.44349
0.44362
0.44372
0.44375
0.44377
0.44378
0.44379
0.44381
0.44455
0.44466
0.4448
0.44481
0.44493
0.44516
0.44526
0.44532
0.44552
0.44555
0.44558
0.44563
0.44579
0.44604
0.44619
0.4467
0.44752
0.44754
0.44782
0.44811
0.44818
0.44826
0.44832
0.44837
0.44846
0.44881
0.44891
0.44891
0.44945
0.44962
0.45005
0.45021
0.45038
0.45039
0.45071
0.45083
0.45113
0.45141
0.45148
0.45158
0.45169
0.45171
0.45183
0.4525
0.45334
0.45336
0.45343
0.45362
0.45384
0.45392
0.45401
0.45406
0.45446
0.45448
0.45466
0.45489
0.45497
0.455
0.45503
0.45503
0.45513
0.45516
0.45521
0.45526
0.45562
0.45587
0.4569
0.45692
0.45699
0.45707
0.45709
0.45743
0.45749
0.45777
0.45823
0.45824
0.45831
0.45838
0.45859
0.4586
0.45876
0.45889
0.4589
0.45898
0.459
0.45902
0.45903
0.45903
0.45911
0.45933
0.45936
0.45936
0.45936
0.45948
0.45967
0.4597
0.4597
0.45985
0.45992
0.45992
0.45997
0.46008
0.4604
0.46044
0.46055
0.46071
0.46094
0.46104
0.46113
0.46119
0.46126
0.46138
0.46153
0.4621
0.46215
0.46247
0.46273
0.46294
0.46316
0.46321
0.46322
0.46329
0.46331
0.46346
0.46346
0.46353
0.46368
0.46385
0.4639
0.46393
0.46402
0.46421
0.46461
0.46483
0.46508
0.4653
0.46553
0.4657
0.46585
0.46596
0.46609
0.46623
0.46628
0.46631
0.46632
0.46636
0.46641
0.46654
0.46673
0.46692
0.46701
0.46721
0.4674
0.46778
0.46785
0.46817
0.46848
0.46868
0.46903
0.46916
0.46916
0.46921
0.46928
0.46933
0.46951
0.46958
0.46963
0.46994
0.47042
0.47042
0.4705
0.47051
0.47091
0.47098
0.47107
0.47133
0.47158
0.47179
0.47195
0.47195
0.47217
0.47229
0.47258
0.47262
0.47321
0.47346
0.47351
0.4736
0.4737
0.47394
0.47408
0.47456
0.47459
0.47461
0.47478
0.47485
0.47503
0.47507
0.47511
0.47521
0.4753
0.47536
0.47555
0.47563
0.47604
0.47611
0.47611
0.47629
0.47638
0.47651
0.47663
0.47669
0.47688
0.47701
0.47713
0.47714
0.47731
0.47789
0.47794
0.47795
0.47823
0.47838
0.4785
0.4786
0.47874
0.47883
0.47901
0.47906
0.47933
0.47973
0.47979
0.48034
0.48036
0.48069
0.48082
0.48092
0.4811
0.48129
0.48132
0.48134
0.48158
0.48165
0.48165
0.48218
0.48224
0.48228
0.48235
0.4824
0.48254
0.48288
0.4834
0.48368
0.48405
0.48413
0.48426
0.48435
0.48443
0.48446
0.48475
0.48479
0.48481
0.48483
0.48499
0.485
0.48506
0.48538
0.48544
0.48552
0.48556
0.48571
0.48605
0.48609
0.48616
0.48619
0.48632
0.4866
0.48685
0.4869
0.48699
0.48702
0.48719
0.48755
0.48783
0.48798
0.48801
0.48805
0.48811
0.48837
0.48841
0.48853
0.4889
0.48917
0.48921
0.48923
0.48923
0.4893
0.48962
0.48972
0.48979
0.48985
0.48988
0.49002
0.49017
0.49018
0.49022
0.4903
0.49039
0.4904
0.49047
0.49049
0.49067
0.49073
0.49073
0.49079
0.49082
0.4909
0.491
0.49102
0.49106
0.49116
0.49117
0.49131
0.49149
0.49198
0.49216
0.49228
0.49228
0.4925
0.49256
0.49264
0.49282
0.49294
0.49312
0.49312
0.49326
0.49344
0.4936
0.4939
0.49392
0.4941
0.49454
0.49472
0.49474
0.495
0.49517
0.49517
0.49537
0.49555
0.49559
0.49583
0.4959
0.4961
0.49628
0.49641
0.49647
0.4965
0.49674
0.49695
0.49744
0.49749
0.49797
0.49799
0.49806
0.49811
0.49855
0.49865
0.49883
0.49887
0.49917
0.49941
0.49949
0.49955
0.49982
0.50006
0.5001
0.50018
0.50021
0.50062
0.50071
0.50091
0.5013
0.50132
0.50146
0.50169
0.50173
0.50186
0.50192
0.50198
0.50205
0.50209
0.50213
0.5023
0.50242
0.50265
0.50278
0.50295
0.50329
0.50354
0.50361
0.50366
0.50414
0.50423
0.50446
0.50493
0.50494
0.50495
0.50495
0.50499
0.50522
0.50596
0.50627
0.50635
0.50638
0.50671
0.50679
0.50716
0.50722
0.50749
0.50756
0.50758
0.50771
0.50785
0.50787
0.50818
0.50832
0.5085
0.50861
0.50866
0.50877
0.50878
0.5088
0.50904
0.50909
0.50916
0.50957
0.50977
0.50978
0.50983
0.50985
0.51006
0.51024
0.5104
0.51059
0.5106
0.51065
0.51073
0.51083
0.51096
0.51116
0.51161
0.51174
0.51179
0.51191
0.51227
0.51234
0.51265
0.51268
0.51269
0.51282
0.51316
0.51323
0.51332
0.51341
0.51399
0.51405
0.5142
0.51429
0.5143
0.51431
0.51439
0.51444
0.51445
0.51446
0.51466
0.51476
0.51488
0.51495
0.5153
0.51545
0.51552
0.5159
0.51599
0.51613
0.51623
0.5163
0.51634
0.51638
0.51644
0.51647
0.51654
0.51659
0.51663
0.51663
0.51665
0.51755
0.51755
0.51756
0.51761
0.51792
0.51828
0.51831
0.51833
0.51898
0.51899
0.51903
0.51965
0.51967
0.51967
0.51967
0.51983
0.52
0.52006
0.5203
0.52101
0.52123
0.52167
0.52185
0.5219
0.52193
0.52212
0.52213
0.52235
0.5224
0.52259
0.5226
0.52278
0.52308
0.52331
0.52335
0.52335
0.52344
0.52363
0.52382
0.5239
0.52426
0.52429
0.52463
0.52478
0.52484
0.52509
0.52513
0.52515
0.52542
0.52545
0.52545
0.52546
0.52562
0.52569
0.52612
0.52612
0.52707
0.52724
0.52732
0.52792
0.52793
0.52797
0.52826
0.52848
0.5285
0.5285
0.52857
0.52871
0.52877
0.52882
0.52894
0.52898
0.52898
0.52906
0.52914
0.53034
0.53038
0.53041
0.53105
0.53106
0.53117
0.53124
0.53126
0.53132
0.53144
0.53163
0.53168
0.53171
0.53192
0.53205
0.53207
0.53213
0.53216
0.53216
0.53218
0.53226
0.53228
0.53242
0.53254
0.5329
0.53317
0.53332
0.53346
0.53361
0.53368
0.53419
0.53436
0.53447
0.53474
0.53481
0.53483
0.53503
0.53511
0.53555
0.53555
0.53558
0.53562
0.5357
0.53578
0.53603
0.53626
0.5364
0.53642
0.53673
0.53687
0.53695
0.53704
0.53745
0.5375
0.53782
0.53797
0.53805
0.53823
0.53845
0.53886
0.53892
0.53902
0.53916
0.53922
0.53942
0.53947
0.5395
0.53959
0.53973
0.53985
0.5399
0.53997
0.54016
0.5403
0.54039
0.54053
0.54089
0.54109
0.54121
0.54132
0.54137
0.54145
0.54149
0.54153
0.54178
0.54179
0.54181
0.54221
0.54237
0.54249
0.54249
0.54268
0.54269
0.54275
0.54291
0.54304
0.54311
0.54335
0.5436
0.54374
0.54409
0.54436
0.54444
0.54451
0.54501
0.54525
0.54536
0.5455
0.54562
0.54626
0.54631
0.54635
0.54641
0.54674
0.54676
0.54696
0.54726
0.54745
0.54766
0.548
0.54817
0.54835
0.54845
0.54861
0.54863
0.5487
0.54893
0.54898
0.54918
0.54924
0.54925
0.5493
0.54932
0.54934
0.54951
0.54973
0.54988
0.54992
0.54997
0.54999
0.55005
0.55013
0.55083
0.55091
0.55092
0.55112
0.55126
0.55128
0.55134
0.55136
0.55142
0.5515
0.55161
0.55175
0.55178
0.55192
0.55198
0.55218
0.55272
0.55276
0.55288
0.55291
0.55326
0.55336
0.55346
0.55419
0.55434
0.55442
0.55455
0.55467
0.55478
0.55486
0.55505
0.55512
0.5553
0.55564
0.55566
0.55577
0.55602
0.55612
0.55641
0.55646
0.55649
0.55651
0.55652
0.55655
0.55656
0.55661
0.55674
0.55696
0.55696
0.55734
0.5574
0.55743
0.55749
0.55751
0.55773
0.55785
0.55785
0.55808
0.55817
0.55822
0.55823
0.5584
0.55846
0.55847
0.55887
0.55887
0.55909
0.55911
0.55937
0.55943
0.55952
0.55953
0.55957
0.55957
0.55965
0.55967
0.55971
0.5598
0.56015
0.56037
0.56063
0.56064
0.56065
0.56074
0.56074
0.56078
0.56089
0.56093
0.56103
0.56105
0.56131
0.56168
0.56195
0.56239
0.56261
0.56278
0.56293
0.56332
0.56333
0.56341
0.56348
0.56361
0.5637
0.564
0.56419
0.56433
0.56451
0.56451
0.56461
0.56469
0.56476
0.56481
0.56528
0.56546
0.56553
0.56571
0.56576
0.56576
0.56588
0.56598
0.56614
0.56632
0.56704
0.56722
0.56727
0.56744
0.56747
0.56751
0.56764
0.56764
0.56765
0.5678
0.56781
0.56786
0.56809
0.56814
0.56818
0.56821
0.56843
0.56859
0.56869
0.56913
0.56928
0.56963
0.5697
0.5697
0.57005
0.57042
0.57044
0.57047
0.57061
0.57077
0.57131
0.57134
0.57142
0.57143
0.5715
0.57183
0.57195
0.57198
0.57201
0.57205
0.57212
0.57213
0.57216
0.57229
0.57274
0.57302
0.57308
0.57324
0.57331
0.57352
0.57355
0.57361
0.57382
0.57413
0.57417
0.57417
0.57429
0.57446
0.57526
0.5753
0.57615
0.57632
0.57659
0.57678
0.57679
0.577
0.57702
0.57706
0.57747
0.57747
0.57754
0.57808
0.57821
0.57827
0.57944
0.57947
0.57982
0.57992
0.57999
0.58002
0.58029
0.58051
0.58056
0.58093
0.58111
0.58137
0.58138
0.58143
0.58152
0.58172
0.58189
0.58213
0.58226
0.58234
0.58268
0.5827
0.58281
0.58289
0.58297
0.58319
0.58321
0.58333
0.58347
0.58351
0.58354
0.5837
0.58377
0.58386
0.58408
0.58451
0.58484
0.58485
0.58495
0.58506
0.58524
0.58552
0.58566
0.58582
0.58587
0.58596
0.58597
0.58598
0.58599
0.58614
0.58625
0.58652
0.58667
0.58669
0.58732
0.58737
0.58751
0.58753
0.5878
0.58786
0.5879
0.58806
0.58808
0.58819
0.58824
0.58888
0.58901
0.58905
0.5894
0.58958
0.58972
0.59002
0.5905
0.59051
0.59082
0.591
0.59119
0.59122
0.59144
0.59148
0.59167
0.59203
0.59209
0.59215
0.5922
0.5922
0.59222
0.59228
0.59245
0.59252
0.59257
0.59299
0.59342
0.59345
0.59346
0.59358
0.59362
0.59372
0.59373
0.59382
0.59432
0.59453
0.59453
0.59489
0.59508
0.59511
0.59562
0.59566
0.59576
0.59596
0.59603
0.59613
0.59624
0.59625
0.5964
0.59652
0.59662
0.5968
0.5968
0.59682
0.59694
0.59722
0.59725
0.59733
0.59752
0.5976
0.59771
0.59793
0.59824
0.59828
0.59844
0.59858
0.59864
0.5988
0.59881
0.59899
0.59903
0.59912
0.59921
0.59932
0.59948
0.59957
0.59958
0.5997
0.59973
0.60001
0.60055
0.60066
0.60066
0.60085
0.601
0.60124
0.60151
0.60168
0.60171
0.60187
0.60225
0.60232
0.60238
0.60263
0.60343
0.60364
0.60404
0.60436
0.60444
0.60456
0.60471
0.60472
0.60473
0.60504
0.60553
0.60553
0.60568
0.60583
0.60588
0.60608
0.60611
0.60613
0.60633
0.60681
0.60691
0.60695
0.60723
0.60744
0.60755
0.60822
0.60828
0.60828
0.60838
0.60852
0.60854
0.60854
0.60882
0.60882
0.60903
0.60919
0.6092
0.6094
0.60954
0.60977
0.60982
0.60996
0.61018
0.6102
0.61033
0.61035
0.61041
0.61042
0.61055
0.61067
0.61079
0.61084
0.61094
0.61099
0.61099
0.61103
0.61109
0.6111
0.61116
0.61149
0.61163
0.61174
0.61209
0.61222
0.61244
0.61265
0.61275
0.61329
0.61369
0.61371
0.6141
0.61417
0.61441
0.61523
0.6153
0.61572
0.61591
0.61607
0.61623
0.61638
0.61654
0.61662
0.61669
0.61681
0.61704
0.6171
0.61715
0.61731
0.61748
0.61753
0.61761
0.61776
0.61806
0.61819
0.61826
0.61859
0.61868
0.61879
0.61884
0.61886
0.61896
0.61924
0.61947
0.61965
0.61972
0.61974
0.61976
0.61981
0.62044
0.62079
0.62097
0.62115
0.62155
0.62156
0.62177
0.62181
0.62188
0.62217
0.62222
0.62246
0.62287
0.62292
0.6231
0.62323
0.62353
0.62373
0.62395
0.62402
0.62408
0.62408
0.62445
0.62465
0.6247
0.62503
0.62506
0.62507
0.62513
0.62513
0.62518
0.62537
0.62545
0.62549
0.62557
0.62563
0.62573
0.62578
0.6259
0.62626
0.62643
0.62694
0.62724
0.62734
0.62734
0.62745
0.6281
0.62844
0.62851
0.62854
0.62859
0.62868
0.6288
0.62896
0.62897
0.6293
0.62934
0.6295
0.62952
0.62962
0.62963
0.62969
0.62993
0.63001
0.63015
0.63024
0.63046
0.63049
0.63074
0.6308
0.63088
0.63103
0.6311
0.63125
0.63142
0.63168
0.63202
0.63204
0.63242
0.63266
0.63269
0.63288
0.63332
0.63436
0.63442
0.63442
0.63462
0.63469
0.63485
0.63501
0.63513
0.63532
0.63561
0.63573
0.63581
0.63601
0.63602
0.63611
0.63611
0.63625
0.63632
0.63639
0.63668
0.63681
0.63693
0.63753
0.63757
0.6377
0.63789
0.63798
0.63824
0.63827
0.63839
0.63842
0.63851
0.63861
0.63872
0.6389
0.63892
0.63901
0.63923
0.63948
0.63956
0.63968
0.63982
0.6399
0.64004
0.64008
0.64011
0.64013
0.64013
0.64025
0.64026
0.64042
0.64049
0.64053
0.64053
0.64069
0.64076
0.64132
0.64147
0.6416
0.64165
0.64169
0.64178
0.64197
0.64223
0.64226
0.64264
0.64278
0.64284
0.64295
0.64303
0.64345
0.64374
0.64374
0.64376
0.64421
0.64431
0.64462
0.64473
0.6449
0.64492
0.64535
0.64539
0.64545
0.64574
0.646
0.646
0.64615
0.64644
0.6465
0.64669
0.64697
0.64705
0.64719
0.64802
0.64812
0.64825
0.64837
0.64841
0.64848
0.64858
0.64858
0.6486
0.64871
0.64891
0.64896
0.64925
0.64928
0.64937
0.64996
0.65005
0.65047
0.65048
0.65054
0.65071
0.6512
0.65128
0.65136
0.65136
0.65143
0.65158
0.65189
0.65197
0.65206
0.65239
0.65259
0.6526
0.65272
0.65278
0.65297
0.6531
0.65317
0.65325
0.65339
0.6534
0.65341
0.65344
0.65371
0.65389
0.65396
0.65429
0.65459
0.65473
0.65539
0.6554
0.65547
0.65572
0.65574
0.65584
0.65585
0.65589
0.65601
0.65626
0.65657
0.65684
0.65699
0.65717
0.65719
0.65808
0.65856
0.65861
0.65886
0.65896
0.6592
0.65931
0.65932
0.65938
0.65946
0.65973
0.65989
0.66036
0.66041
0.6605
0.66061
0.66083
0.66086
0.66101
0.66103
0.66115
0.66117
0.66127
0.6613
0.66145
0.66161
0.66164
0.66183
0.66223
0.66268
0.66269
0.66284
0.66292
0.66302
0.66307
0.66316
0.6634
0.66343
0.66344
0.66345
0.66371
0.66394
0.66413
0.6642
0.6642
0.66423
0.66425
0.66427
0.66462
0.66517
0.6656
0.66566
0.66616
0.66632
0.66657
0.66658
0.66692
0.66779
0.66785
0.66787
0.66792
0.66799
0.66813
0.66821
0.66839
0.66862
0.66875
0.66878
0.66899
0.66913
0.66927
0.66954
0.6696
0.66983
0.6701
0.67014
0.67024
0.67071
0.67077
0.67112
0.67121
0.67144
0.67146
0.67154
0.6718
0.67181
0.67184
0.67186
0.67195
0.67211
0.67226
0.67228
0.67243
0.67271
0.67278
0.67284
0.67295
0.67308
0.67368
0.67408
0.6742
0.67433
0.6745
0.67454
0.67471
0.67497
0.67499
0.67592
0.67603
0.67609
0.67622
0.67652
0.67654
0.67655
0.67674
0.67682
0.67687
0.67705
0.67718
0.67735
0.67743
0.67748
0.6775
0.67753
0.67783
0.67789
0.67827
0.6784
0.67853
0.67865
0.6788
0.67882
0.67902
0.67913
0.67929
0.6793
0.67938
0.6795
0.68011
0.68018
0.68019
0.68027
0.68035
0.68037
0.68073
0.68092
0.68104
0.68113
0.68148
0.68148
0.68154
0.68182
0.68195
0.68219
0.68345
0.68368
0.68374
0.68404
0.68455
0.68459
0.68466
0.68475
0.68491
0.68511
0.68521
0.68525
0.68552
0.68553
0.68554
0.68556
0.68581
0.68603
0.68615
0.68639
0.6864
0.68645
0.68656
0.68667
0.6867
0.68676
0.68695
0.68706
0.68707
0.6871
0.6871
0.68744
0.68778
0.68788
0.68802
0.68807
0.6881
0.68828
0.6891
0.68913
0.6892
0.68934
0.68991
0.68999
0.69011
0.69016
0.69019
0.69019
0.69029
0.69035
0.69088
0.69099
0.69122
0.69123
0.69185
0.69204
0.69242
0.69247
0.69315
0.69317
0.69321
0.69332
0.69335
0.69342
0.69358
0.6936
0.69383
0.69412
0.69472
0.69475
0.69484
0.69491
0.69529
0.69553
0.69561
0.696
0.69632
0.69645
0.69666
0.69687
0.69692
0.69706
0.69748
0.69758
0.69778
0.69781
0.69802
0.69807
0.69824
0.69834
0.69848
0.69853
0.6989
0.69905
0.69909
0.69927
0.69944
0.69945
0.69946
0.69951
0.69955
0.69964
0.69984
0.70002
0.70005
0.70133
0.70153
0.70159
0.7017
0.70183
0.70184
0.70188
0.70216
0.7022
0.70236
0.70253
0.70255
0.70265
0.70275
0.70299
0.70301
0.70302
0.70319
0.70371
0.70386
0.70393
0.70406
0.70408
0.70408
0.70416
0.70422
0.7045
0.70459
0.70474
0.70492
0.7051
0.70513
0.70518
0.70538
0.70545
0.70559
0.70562
0.70579
0.70608
0.70631
0.70659
0.70662
0.70713
0.70715
0.70726
0.70729
0.70738
0.70749
0.70757
0.7076
0.70766
0.70768
0.70819
0.70836
0.7087
0.70875
0.70934
0.70965
0.70979
0.70987
0.71007
0.71021
0.71037
0.71058
0.71079
0.71105
0.71141
0.71142
0.71142
0.71145
0.71155
0.71174
0.71184
0.71184
0.71185
0.71195
0.71214
0.7122
0.71271
0.71294
0.71305
0.71362
0.71373
0.71375
0.7145
0.71453
0.71474
0.71478
0.7148
0.71494
0.71537
0.71546
0.71565
0.71565
0.71565
0.71598
0.71601
0.71629
0.71657
0.71662
0.71683
0.71687
0.71687
0.71694
0.71696
0.71709
0.71715
0.71726
0.7174
0.7175
0.71754
0.71771
0.71792
0.71796
0.71805
0.71834
0.7186
0.7186
0.71872
0.71891
0.71917
0.71946
0.71948
0.71949
0.71987
0.7199
0.72003
0.72017
0.72019
0.72041
0.72044
0.72077
0.72083
0.72102
0.72107
0.72112
0.72132
0.72154
0.7216
0.72176
0.72181
0.72185
0.72197
0.72208
0.7221
0.72231
0.72244
0.72296
0.72297
0.72302
0.7231
0.72347
0.72369
0.72371
0.72378
0.72387
0.72417
0.72445
0.72451
0.72461
0.72462
0.72466
0.72512
0.72535
0.72541
0.72548
0.72553
0.72577
0.72591
0.72597
0.7264
0.72667
0.72677
0.72682
0.72758
0.7276
0.7281
0.7281
0.72817
0.72821
0.72826
0.72829
0.7292
0.72928
0.72958
0.7296
0.72988
0.72991
0.73008
0.73021
0.73063
0.73065
0.73068
0.73073
0.73081
0.73099
0.73104
0.7313
0.73187
0.73196
0.73214
0.73225
0.73225
0.73229
0.73241
0.73241
0.73261
0.73267
0.7327
0.7327
0.73275
0.73296
0.73315
0.73324
0.73342
0.73349
0.73352
0.7336
0.7341
0.73431
0.73433
0.73484
0.73514
0.73524
0.73543
0.73544
0.7357
0.73592
0.73603
0.73604
0.73606
0.73615
0.7362
0.73643
0.73649
0.73658
0.73673
0.73703
0.73705
0.73713
0.73717
0.73728
0.73735
0.7375
0.73776
0.73788
0.73801
0.73816
0.73816
0.7382
0.73826
0.73864
0.73875
0.73884
0.73898
0.73951
0.73952
0.73959
0.73962
0.73965
0.73974
0.73984
0.73994
0.74009
0.74014
0.74046
0.74055
0.74096
0.74105
0.74118
0.74119
0.74123
0.74131
0.7414
0.74147
0.74151
0.74169
0.74212
0.74226
0.74232
0.74245
0.74256
0.74275
0.74284
0.74297
0.74304
0.74307
0.74319
0.74328
0.74329
0.74335
0.74343
0.74345
0.74345
0.7435
0.74354
0.74388
0.74426
0.74444
0.7446
0.7446
0.74491
0.74518
0.74526
0.74553
0.74556
0.74567
0.74579
0.74631
0.74632
0.74648
0.7465
0.74659
0.74661
0.74692
0.74698
0.74727
0.74732
0.74749
0.74765
0.74781
0.74787
0.74794
0.74809
0.74816
0.74822
0.74823
0.74827
0.74829
0.74829
0.74837
0.74841
0.74845
0.74892
0.7492
0.74928
0.7501
0.75011
0.75027
0.75032
0.75037
0.75043
0.75061
0.75062
0.75082
0.75104
0.75134
0.75137
0.75143
0.75144
0.75157
0.75161
0.75168
0.75176
0.75212
0.75224
0.75241
0.75242
0.75246
0.75252
0.75265
0.75285
0.75301
0.75304
0.75305
0.75313
0.75323
0.7536
0.75366
0.75393
0.75405
0.75413
0.75417
0.75456
0.75503
0.75545
0.75575
0.75592
0.75604
0.75608
0.75611
0.75627
0.75641
0.75645
0.75652
0.75676
0.75683
0.75705
0.75711
0.75722
0.75752
0.75769
0.75774
0.75777
0.75781
0.75794
0.75797
0.75804
0.75806
0.75808
0.75836
0.75838
0.75851
0.75862
0.75883
0.75898
0.75911
0.7593
0.75995
0.75996
0.75997
0.76
0.76008
0.76008
0.76008
0.76009
0.76016
0.76047
0.76059
0.76071
0.76072
0.76108
0.76114
0.7615
0.76177
0.76182
0.76184
0.76205
0.76206
0.76213
0.7622
0.76221
0.7623
0.76238
0.76255
0.76295
0.76297
0.76335
0.76346
0.76348
0.76359
0.76384
0.76407
0.76416
0.76509
0.76519
0.76539
0.76561
0.76584
0.76592
0.76622
0.76667
0.76671
0.76697
0.76702
0.76712
0.76714
0.76718
0.7673
0.76731
0.7674
0.76752
0.76759
0.76778
0.76802
0.76815
0.76823
0.76844
0.76866
0.76872
0.76875
0.76881
0.76882
0.76894
0.7691
0.76921
0.76935
0.76936
0.76936
0.7695
0.76956
0.76964
0.76965
0.76968
0.76974
0.76986
0.76988
0.77015
0.77038
0.7704
0.77044
0.77049
0.77072
0.77073
0.77075
0.77079
0.77082
0.77082
0.77115
0.77117
0.77132
0.7714
0.77174
0.77183
0.7719
0.77208
0.77215
0.77226
0.7725
0.7727
0.77271
0.77277
0.77282
0.77392
0.77395
0.77404
0.77431
0.77457
0.77465
0.77495
0.77515
0.77525
0.77532
0.77541
0.77555
0.77572
0.77595
0.77605
0.77636
0.77649
0.77659
0.77675
0.77681
0.77686
0.77694
0.77696
0.77708
0.77709
0.77744
0.77754
0.77783
0.77784
0.77794
0.77804
0.77805
0.77827
0.77846
0.77874
0.77889
0.77935
0.7794
0.7801
0.78014
0.78021
0.78036
0.78062
0.78079
0.78089
0.78093
0.78163
0.78174
0.78187
0.78201
0.78209
0.7821
0.78242
0.78284
0.78306
0.78311
0.78317
0.78318
0.78318
0.78325
0.78344
0.78352
0.78361
0.78369
0.78378
0.78391
0.78393
0.78394
0.78409
0.78422
0.78429
0.78429
0.78429
0.78441
0.78444
0.78447
0.78449
0.78462
0.78465
0.78472
0.78473
0.78477
0.78482
0.78509
0.78511
0.78511
0.78521
0.78532
0.78558
0.78559
0.78574
0.78578
0.78578
0.78582
0.78593
0.78618
0.78653
0.78695
0.78717
0.78763
0.78824
0.78832
0.78881
0.7893
0.7894
0.78956
0.78972
0.79032
0.79036
0.79038
0.79056
0.7906
0.79063
0.79092
0.79115
0.79122
0.79143
0.79173
0.79174
0.79177
0.79186
0.79215
0.79223
0.79228
0.79228
0.7926
0.79265
0.79311
0.79336
0.79351
0.7936
0.79368
0.79379
0.79386
0.79397
0.79398
0.79405
0.79406
0.79422
0.79433
0.79459
0.79525
0.79527
0.79529
0.79532
0.79548
0.79552
0.79564
0.79578
0.79589
0.79607
0.7961
0.79628
0.79632
0.79638
0.79639
0.79641
0.79643
0.79663
0.79667
0.79673
0.79681
0.79684
0.79685
0.79689
0.7969
0.79702
0.79716
0.79734
0.79749
0.79765
0.79806
0.79822
0.79825
0.7983
0.79831
0.79832
0.79866
0.7987
0.79885
0.79891
0.79892
0.79937
0.79956
0.79957
0.79995
0.80016
0.80031
0.80035
0.80052
0.8007
0.80084
0.80093
0.80101
0.80116
0.80122
0.80127
0.80156
0.80198
0.80217
0.80218
0.80237
0.80238
0.80238
0.8026
0.80269
0.80283
0.80284
0.80328
0.80333
0.80376
0.80425
0.80427
0.80432
0.80473
0.80487
0.80494
0.80511
0.80526
0.80542
0.8055
0.80575
0.8058
0.80582
0.80583
0.80602
0.80626
0.80631
0.8065
0.80674
0.80688
0.80699
0.80722
0.80723
0.80744
0.80762
0.80766
0.80788
0.808
0.80804
0.80837
0.80837
0.80839
0.80856
0.8086
0.80867
0.80882
0.80887
0.80899
0.80908
0.80945
0.80972
0.8099
0.81018
0.81023
0.81031
0.81134
0.81146
0.81148
0.81165
0.812
0.81202
0.81219
0.81224
0.81237
0.81239
0.81244
0.81248
0.81255
0.81256
0.81275
0.81276
0.8129
0.81292
0.81295
0.81305
0.8131
0.81313
0.81359
0.8136
0.81378
0.81386
0.81389
0.81409
0.81419
0.81427
0.81431
0.81436
0.81442
0.81449
0.81516
0.8152
0.81523
0.81525
0.81525
0.81575
0.81589
0.81597
0.81609
0.8161
0.81611
0.8163
0.81635
0.81649
0.81671
0.81692
0.81692
0.817
0.8171
0.81715
0.81724
0.81737
0.81772
0.81774
0.81785
0.81795
0.81815
0.8182
0.81823
0.81824
0.81833
0.81847
0.81853
0.81855
0.81857
0.81861
0.81877
0.81906
0.81908
0.81939
0.8194
0.81944
0.81975
0.81983
0.81995
0.82012
0.82015
0.82038
0.82056
0.82058
0.82069
0.82073
0.82077
0.82084
0.82092
0.82098
0.82129
0.82158
0.82202
0.82203
0.82205
0.82208
0.82214
0.82228
0.82252
0.82259
0.82271
0.82278
0.8228
0.82297
0.82303
0.82303
0.82336
0.82338
0.82346
0.82353
0.82358
0.82389
0.82395
0.82412
0.82428
0.82432
0.82457
0.82459
0.82486
0.82486
0.82509
0.8251
0.82531
0.82607
0.82615
0.82629
0.82647
0.82648
0.82656
0.82657
0.8267
0.82745
0.82791
0.82821
0.82828
0.8283
0.82831
0.82859
0.82866
0.82867
0.82885
0.82886
0.82897
0.82927
0.82959
0.82984
0.83012
0.83018
0.83044
0.83056
0.83069
0.8307
0.83081
0.83122
0.8313
0.83131
0.83136
0.83144
0.83189
0.83192
0.83193
0.83196
0.83201
0.83221
0.8323
0.83234
0.83235
0.83245
0.83298
0.83302
0.83313
0.83317
0.83327
0.83341
0.83344
0.83353
0.83369
0.8337
0.8338
0.83401
0.83419
0.83436
0.83444
0.83445
0.83446
0.83448
0.83463
0.83483
0.83495
0.83508
0.83509
0.83529
0.83541
0.8355
0.83554
0.83559
0.83559
0.83567
0.83573
0.83612
0.83635
0.83638
0.83702
0.83702
0.83735
0.8375
0.83772
0.83779
0.83793
0.83807
0.83807
0.83814
0.83822
0.83826
0.83886
0.83894
0.83924
0.8394
0.83949
0.83987
0.83992
0.84016
0.84018
0.84046
0.84069
0.84072
0.84076
0.84081
0.84108
0.84108
0.84119
0.84126
0.84147
0.84163
0.84166
0.84177
0.84182
0.84203
0.84221
0.84227
0.84266
0.84267
0.84289
0.84298
0.84303
0.84311
0.84317
0.84339
0.84365
0.84366
0.84382
0.84408
0.8441
0.84419
0.84432
0.84437
0.84471
0.84472
0.84479
0.8448
0.84498
0.84516
0.84516
0.84544
0.84545
0.84557
0.84563
0.84587
0.84589
0.8459
0.8461
0.84611
0.84628
0.84643
0.84661
0.84668
0.84671
0.84678
0.8468
0.84708
0.84723
0.84734
0.8475
0.8482
0.8483
0.84837
0.84842
0.84849
0.8485
0.84853
0.84868
0.84871
0.84873
0.84885
0.84903
0.84917
0.84957
0.84959
0.84979
0.84981
0.84997
0.85031
0.85032
0.85032
0.85038
0.85047
0.85066
0.85071
0.85078
0.85079
0.85081
0.8512
0.85187
0.85199
0.85235
0.8524
0.85241
0.85242
0.85258
0.85259
0.85283
0.85283
0.85287
0.8531
0.85325
0.85357
0.85358
0.8537
0.85404
0.85418
0.85424
0.85433
0.85436
0.85454
0.85471
0.85474
0.85475
0.85492
0.85513
0.85523
0.85544
0.85569
0.85586
0.85599
0.85603
0.85655
0.85675
0.85679
0.85705
0.85764
0.85768
0.85777
0.85781
0.85781
0.85798
0.85817
0.85824
0.85832
0.85835
0.85838
0.85843
0.85885
0.8589
0.85892
0.85912
0.85921
0.8593
0.85934
0.85935
0.85946
0.85967
0.85967
0.85977
0.85991
0.86002
0.86008
0.86058
0.86086
0.86112
0.86134
0.86152
0.86174
0.86174
0.86195
0.86226
0.86234
0.86271
0.86275
0.86284
0.86298
0.86322
0.86334
0.86355
0.86361
0.86364
0.86389
0.86392
0.86403
0.86404
0.86404
0.86405
0.86412
0.86464
0.86468
0.86483
0.86511
0.86522
0.86608
0.86618
0.86646
0.86647
0.86655
0.86692
0.86705
0.86727
0.86728
0.86732
0.86742
0.86744
0.86765
0.86788
0.86793
0.86816
0.86829
0.86838
0.86898
0.86899
0.86909
0.86913
0.86916
0.86919
0.86919
0.86935
0.86936
0.86953
0.86957
0.86958
0.86959
0.87
0.87008
0.8702
0.87034
0.87053
0.87081
0.87093
0.87094
0.87097
0.87099
0.87114
0.87125
0.87126
0.87146
0.87159
0.87163
0.87167
0.87174
0.87194
0.87211
0.87233
0.8727
0.87298
0.87301
0.87311
0.87332
0.87337
0.87339
0.87363
0.87376
0.87377
0.87398
0.87404
0.87417
0.87435
0.87482
0.87516
0.87523
0.87534
0.87556
0.87558
0.8756
0.87579
0.876
0.87604
0.87687
0.87702
0.87712
0.87729
0.87732
0.8775
0.87756
0.87756
0.8777
0.87771
0.87782
0.87802
0.87803
0.87815
0.87818
0.87819
0.87833
0.87841
0.87851
0.87863
0.87916
0.87936
0.87977
0.87983
0.88025
0.88027
0.88036
0.88038
0.88041
0.88092
0.88102
0.88117
0.88122
0.88125
0.88138
0.88147
0.88147
0.88172
0.88174
0.8818
0.88193
0.88195
0.88196
0.882
0.88202
0.88243
0.88247
0.88247
0.88262
0.88286
0.88301
0.88315
0.88335
0.88335
0.8835
0.8836
0.88366
0.88368
0.88373
0.884
0.88409
0.88457
0.88474
0.8849
0.88524
0.88532
0.88547
0.88577
0.88591
0.88594
0.88597
0.88648
0.88667
0.88677
0.88718
0.88719
0.8875
0.88755
0.88769
0.88776
0.8878
0.88792
0.88824
0.88832
0.88834
0.88842
0.88857
0.88867
0.88871
0.88903
0.88915
0.8892
0.88944
0.88949
0.88984
0.8899
0.88997
0.89019
0.89025
0.89062
0.89068
0.8907
0.89072
0.89113
0.89114
0.8912
0.89121
0.8914
0.89157
0.89157
0.89167
0.8917
0.89176
0.89196
0.89211
0.89236
0.89244
0.89284
0.89289
0.89312
0.89336
0.89338
0.89345
0.89379
0.8938
0.89383
0.89412
0.8942
0.89442
0.89442
0.89458
0.89475
0.895
0.89509
0.89509
0.89533
0.89542
0.89557
0.89579
0.8964
0.89651
0.89673
0.89682
0.89706
0.89717
0.89717
0.89727
0.89729
0.89735
0.89742
0.89777
0.89781
0.89788
0.89801
0.89806
0.89829
0.89845
0.89866
0.89868
0.8987
0.89874
0.89896
0.89898
0.89907
0.89938
0.89945
0.89951
0.89953
0.89964
0.89971
0.89984
0.89993
0.89994
0.90033
0.90051
0.90053
0.90053
0.90056
0.90056
0.9006
0.9007
0.90079
0.90092
0.90108
0.90127
0.90133
0.90135
0.90147
0.90175
0.90194
0.90223
0.90239
0.90246
0.90255
0.90261
0.90265
0.90267
0.90267
0.90273
0.90283
0.90318
0.90321
0.90322
0.90327
0.90334
0.90358
0.90375
0.90376
0.90394
0.90401
0.90401
0.90418
0.9042
0.90448
0.90507
0.9051
0.90533
0.90559
0.90583
0.90635
0.90647
0.90654
0.90679
0.90697
0.90729
0.90756
0.9076
0.90797
0.908
0.90816
0.90847
0.90851
0.90876
0.90878
0.90902
0.90908
0.90909
0.90913
0.90938
0.90969
0.9097
0.90996
0.91048
0.91051
0.91068
0.9108
0.91112
0.91123
0.9117
0.91233
0.9125
0.91263
0.91273
0.91291
0.91304
0.91311
0.91312
0.91316
0.91329
0.9136
0.91373
0.91412
0.91433
0.91464
0.91478
0.91492
0.91499
0.91511
0.91515
0.91533
0.91541
0.91584
0.91591
0.91596
0.91616
0.91621
0.91629
0.91633
0.91646
0.9171
0.9172
0.91728
0.91729
0.91753
0.91799
0.91802
0.91837
0.91858
0.91858
0.9186
0.9186
0.91874
0.91881
0.91887
0.91903
0.91916
0.91962
0.91978
0.9199
0.92015
0.92025
0.92025
0.92046
0.92063
0.92086
0.92089
0.92098
0.92099
0.92118
0.92126
0.92131
0.9215
0.92177
0.92194
0.92223
0.92233
0.92238
0.92266
0.92282
0.92294
0.92309
0.92324
0.92347
0.92351
0.92373
0.92414
0.92418
0.92436
0.92457
0.92483
0.92484
0.92488
0.92507
0.92528
0.92535
0.92543
0.92545
0.92551
0.92572
0.92589
0.926
0.92607
0.92614
0.92615
0.92618
0.92619
0.92637
0.92637
0.92642
0.92642
0.92655
0.92663
0.92688
0.92715
0.9274
0.92746
0.92748
0.92754
0.92771
0.92794
0.92805
0.92809
0.9281
0.92828
0.92879
0.92928
0.92949
0.9295
0.92962
0.92965
0.92969
0.92976
0.93045
0.93058
0.93074
0.93075
0.93088
0.93098
0.93124
0.93136
0.93192
0.93225
0.9323
0.93285
0.93293
0.93319
0.93331
0.93336
0.9334
0.93345
0.93346
0.93378
0.9338
0.9339
0.93465
0.9347
0.93485
0.93495
0.9351
0.93534
0.93558
0.93605
0.93629
0.93664
0.93665
0.93667
0.9368
0.93689
0.93689
0.93693
0.93697
0.93707
0.93727
0.9373
0.93756
0.93774
0.93782
0.93786
0.93832
0.93835
0.93851
0.93855
0.93857
0.93877
0.9388
0.93895
0.93899
0.93906
0.93912
0.93931
0.93955
0.93955
0.93959
0.93972
0.94009
0.94014
0.94026
0.94045
0.94046
0.94052
0.94074
0.94102
0.94128
0.94202
0.94213
0.94223
0.9423
0.94248
0.94253
0.94278
0.94283
0.94287
0.94298
0.94307
0.94327
0.94329
0.9434
0.9434
0.94357
0.9437
0.94376
0.94379
0.94384
0.94389
0.94418
0.9443
0.94432
0.94472
0.94474
0.9449
0.94499
0.94503
0.94511
0.94547
0.94548
0.94586
0.94601
0.94611
0.94626
0.9463
0.94631
0.94645
0.94648
0.94669
0.94684
0.94705
0.94713
0.94734
0.94735
0.94739
0.94744
0.94772
0.94777
0.94864
0.94885
0.94885
0.94895
0.94911
0.94913
0.94943
0.94945
0.9495
0.94952
0.94952
0.94981
0.95016
0.95016
0.95017
0.95018
0.95019
0.95019
0.95021
0.95024
0.95043
0.95045
0.95051
0.95059
0.95076
0.95076
0.95083
0.95084
0.95088
0.95089
0.95092
0.95095
0.95107
0.95119
0.95181
0.95258
0.95272
0.9539
0.95397
0.95411
0.95421
0.95449
0.95481
0.95483
0.95485
0.95486
0.95491
0.95515
0.95537
0.95538
0.95562
0.95567
0.95592
0.95594
0.95601
0.95618
0.95622
0.95639
0.95639
0.95661
0.95669
0.95686
0.95694
0.95717
0.95736
0.95748
0.95751
0.95754
0.95805
0.95829
0.95833
0.95836
0.95843
0.95854
0.95892
0.95897
0.9591
0.95947
0.96012
0.96026
0.96057
0.96092
0.96097
0.96104
0.96122
0.96158
0.96168
0.96183
0.96187
0.96205
0.96206
0.96226
0.96257
0.96261
0.96268
0.96284
0.96295
0.96297
0.96318
0.96326
0.96348
0.96353
0.96366
0.96386
0.96394
0.96401
0.96427
0.96432
0.96463
0.96467
0.9647
0.96471
0.96491
0.96502
0.96527
0.96542
0.96547
0.9656
0.96569
0.96572
0.96598
0.96599
0.96615
0.96617
0.96633
0.9664
0.96642
0.96677
0.96677
0.96678
0.96697
0.967
0.96715
0.96733
0.96745
0.96775
0.96789
0.96797
0.968
0.96811
0.96822
0.9686
0.96866
0.96872
0.96883
0.96894
0.96915
0.96934
0.9694
0.96952
0.96962
0.97006
0.97025
0.97041
0.97049
0.97071
0.97074
0.97076
0.97083
0.97097
0.97111
0.97118
0.97168
0.97172
0.97197
0.97203
0.97207
0.97252
0.97268
0.97269
0.97277
0.97281
0.97284
0.97307
0.97309
0.97351
0.97352
0.97357
0.97375
0.97379
0.97384
0.97398
0.97416
0.97417
0.97439
0.97443
0.97456
0.97461
0.97481
0.97495
0.97509
0.97527
0.97539
0.97575
0.97602
0.97614
0.97631
0.9764
0.97643
0.97645
0.97652
0.97692
0.97694
0.97698
0.97709
0.97717
0.97721
0.97739
0.97747
0.97778
0.97797
0.97802
0.97822
0.97829
0.97836
0.97837
0.97844
0.97857
0.97891
0.97896
0.97913
0.97914
0.97919
0.97928
0.97934
0.97937
0.97947
0.97963
0.97991
0.97996
0.98002
0.98004
0.98015
0.98034
0.98042
0.98052
0.98078
0.98079
0.98086
0.98106
0.98128
0.98143
0.98147
0.98153
0.9816
0.9818
0.98194
0.98202
0.98202
0.98209
0.98213
0.98228
0.98229
0.98239
0.98243
0.98249
0.98251
0.98259
0.98263
0.9829
0.98346
0.98364
0.98372
0.98392
0.98394
0.98396
0.98401
0.98404
0.9841
0.98438
0.9845
0.98454
0.9847
0.98472
0.98489
0.98527
0.98534
0.98545
0.98547
0.98548
0.98551
0.98577
0.98597
0.98616
0.98623
0.98631
0.98641
0.98676
0.98678
0.98683
0.98695
0.98706
0.98706
0.98723
0.98724
0.98734
0.98742
0.98767
0.9877
0.9878
0.98794
0.98837
0.98846
0.98879
0.98903
0.98923
0.98937
0.98961
0.99013
0.9902
0.99021
0.99038
0.99057
0.99057
0.99058
0.99073
0.99076
0.99129
0.99159
0.99199
0.99204
0.99216
0.99223
0.99227
0.99237
0.99239
0.99239
0.9926
0.99264
0.99272
0.99289
0.99297
0.99298
0.99301
0.99301
0.99351
0.99368
0.99371
0.99389
0.99396
0.99413
0.99425
0.99441
0.99447
0.99461
0.99494
0.99494
0.99501
0.99507
0.99536
0.99608
0.99617
0.99622
0.99623
0.99629
0.99633
0.99636
0.99658
0.99665
0.99666
0.9967
0.99686
0.9969
0.99706
0.9978
0.99821
0.99831
0.99845
0.9986
0.99896
0.99931
0.99931
0.9994
0.99966
0.99975
0.99995
0.99998
