0.00013
0.00143
0.00143
0.00221
0.00239
0.00292
0.00391
0.00406
0.00476
0.00487
0.00649
0.00655
0.00733
0.00758
0.00799
0.00854
0.00902
0.0101
0.01155
0.01251
0.01287
0.01324
0.01325
0.0139
0.01432
0.01574
0.01591
0.01709
0.01742
0.01784
0.01803
0.01804
0.0182
0.01846
0.02019
0.02046
0.02053
0.02084
0.02087
0.02147
0.022
0.02242
0.02284
0.02318
0.02326
0.02365
0.02403
0.02439
0.0249
0.02515
0.02515
0.02539
0.02565
0.0272
0.02824
0.02869
0.02973
0.03096
0.03159
0.03193
0.03323
0.03362
0.0343
0.03469
0.03602
0.03616
0.03619
0.03742
0.03745
0.03792
0.03844
0.03865
0.03871
0.03873
0.03972
0.04027
0.04149
0.04351
0.04377
0.04405
0.04436
0.04468
0.04536
0.04593
0.04629
0.04638
0.04665
0.0483
0.04997
0.05015
0.05238
0.05284
0.05294
0.05299
0.0542
0.05434
0.05755
0.05885
0.05888
0.0594
0.05971
0.06067
0.06078
0.06171
0.06217
0.06254
0.0626
0.06294
0.06295
0.06371
0.06389
0.0641
0.06449
0.06453
0.06456
0.06464
0.06479
0.06604
0.06808
0.06914
0.06958
0.07073
0.07091
0.07262
0.07312
0.07532
0.07548
0.07626
0.07659
0.0767
0.07694
0.07704
0.0772
0.07865
0.07917
0.0792
0.07993
0.08231
0.08242
0.08272
0.08353
0.08554
0.08556
0.08563
0.08744
0.08747
0.08805
0.08876
0.08925
0.0899
0.08997
0.09012
0.09035
0.09124
0.09133
0.09152
0.09207
0.09217
0.09352
0.09371
0.09412
0.09497
0.09518
0.09544
0.09575
0.09579
0.09581
0.09624
0.09636
0.09646
0.09745
0.09853
0.09902
0.09937
0.09986
0.10138
0.10176
0.1027
0.10317
0.10378
0.10385
0.1041
0.10463
0.10471
0.10471
0.10808
0.10837
0.10888
0.10888
0.10975
0.11031
0.11114
0.11151
0.11155
0.11191
0.11203
0.11244
0.11248
0.11545
0.11726
0.11743
0.11775
0.118
0.11841
0.11854
0.11856
0.11877
0.11885
0.11998
0.11999
0.12077
0.12114
0.12127
0.1214
0.12271
0.12274
0.12319
0.12336
0.12433
0.12468
0.12487
0.12499
0.12512
0.12668
0.12709
0.12857
0.12861
0.12863
0.12881
0.12913
0.13116
0.13166
0.1319
0.13349
0.13378
0.13401
0.13462
0.13513
0.13615
0.13661
0.13738
0.13744
0.13904
0.13924
0.13945
0.13976
0.14021
0.14138
0.14195
0.14379
0.1439
0.14419
0.14447
0.14448
0.14512
0.14534
0.14599
0.14749
0.14874
0.14875
0.14929
0.1503
0.15147
0.15154
0.15253
0.15352
0.15385
0.15417
0.15418
0.15563
0.15598
0.15612
0.15643
0.15651
0.15668
0.15679
0.15684
0.15721
0.15782
0.15919
0.15934
0.15943
0.15993
0.16007
0.16131
0.16201
0.1621
0.16233
0.16366
0.16413
0.16486
0.16545
0.16575
0.16652
0.16667
0.16689
0.16774
0.16861
0.16882
0.16954
0.16979
0.17005
0.17007
0.17037
0.17058
0.17077
0.17085
0.17121
0.17122
0.17159
0.17215
0.17245
0.17263
0.17278
0.17302
0.17421
0.17459
0.17675
0.1768
0.17723
0.17784
0.17872
0.17923
0.1794
0.18156
0.18319
0.18389
0.18398
0.18414
0.18423
0.18441
0.18457
0.18502
0.18542
0.18552
0.18719
0.18733
0.18735
0.1876
0.18864
0.18867
0.18903
0.18926
0.19016
0.1903
0.19156
0.19182
0.192
0.19293
0.19298
0.19336
0.19349
0.19529
0.19558
0.1974
0.19848
0.19904
0.19935
0.19989
0.20041
0.20049
0.20178
0.20191
0.20228
0.20255
0.20259
0.20296
0.20358
0.2037
0.20419
0.2042
0.20468
0.2058
0.20609
0.20646
0.20655
0.20716
0.2072
0.20863
0.21008
0.21023
0.21077
0.21129
0.21237
0.21345
0.21345
0.21367
0.21453
0.21476
0.21492
0.21604
0.21669
0.2172
0.21723
0.21757
0.21796
0.21885
0.21885
0.21906
0.21919
0.21948
0.21957
0.22138
0.2224
0.22264
0.22282
0.22311
0.22317
0.22418
0.2245
0.22541
0.22552
0.22568
0.22582
0.22626
0.22675
0.2269
0.22781
0.22795
0.22802
0.22827
0.22879
0.22881
0.22899
0.22999
0.23006
0.2308
0.23098
0.23132
0.23159
0.23281
0.23285
0.23332
0.23367
0.2343
0.23464
0.23744
0.23747
0.2384
0.2397
0.24046
0.24073
0.24092
0.24141
0.24165
0.24224
0.24231
0.24277
0.243
0.2436
0.24368
0.24375
0.24399
0.24403
0.24415
0.24439
0.24485
0.24539
0.24585
0.24598
0.24707
0.24751
0.24852
0.24921
0.24924
0.24934
0.24952
0.25118
0.25145
0.25209
0.25242
0.25259
0.25353
0.25427
0.25473
0.25475
0.25484
0.25582
0.25618
0.25652
0.25677
0.2569
0.25745
0.25791
0.25803
0.25854
0.25877
0.25927
0.26061
0.26111
0.26142
0.26214
0.26244
0.26246
0.26334
0.26398
0.26418
0.26428
0.26439
0.2646
0.26525
0.26545
0.26578
0.26596
0.26721
0.26779
0.26784
0.26788
0.26801
0.26837
0.26852
0.26894
0.26909
0.26915
0.2703
0.27046
0.2705
0.27084
0.27095
0.27275
0.27402
0.27497
0.27562
0.27645
0.27691
0.27715
0.27768
0.27773
0.278
0.27806
0.27855
0.27872
0.27884
0.2789
0.27893
0.27913
0.28014
0.28073
0.2811
0.28138
0.28146
0.2823
0.28396
0.28414
0.28415
0.28504
0.28745
0.28817
0.28901
0.28925
0.29016
0.29064
0.29069
0.29099
0.29134
0.29225
0.29254
0.29438
0.29486
0.29503
0.29515
0.29528
0.29559
0.29575
0.29628
0.29816
0.29864
0.29883
0.29883
0.29888
0.29969
0.29987
0.30046
0.3009
0.30091
0.30092
0.30093
0.30104
0.30263
0.3043
0.3047
0.30496
0.30591
0.30684
0.3073
0.30791
0.30809
0.30908
0.30931
0.30932
0.3096
0.30963
0.31009
0.31017
0.3103
0.3107
0.3109
0.31103
0.31107
0.31122
0.31153
0.31252
0.31263
0.31329
0.3158
0.31683
0.31711
0.31941
0.31965
0.31965
0.31983
0.32
0.32029
0.32056
0.32088
0.32168
0.32193
0.32222
0.32352
0.32437
0.32445
0.3248
0.32529
0.32575
0.32583
0.32593
0.32612
0.32621
0.32654
0.32655
0.32673
0.3269
0.327
0.32708
0.32717
0.32806
0.32876
0.32959
0.32964
0.32989
0.33005
0.33037
0.3312
0.33136
0.3316
0.33178
0.33213
0.33249
0.33268
0.333
0.33303
0.33367
0.33374
0.33381
0.33525
0.33553
0.33624
0.33729
0.33733
0.33761
0.33788
0.33914
0.33917
0.34038
0.34113
0.34139
0.34141
0.34204
0.34208
0.34214
0.3424
0.3428
0.34289
0.34306
0.34532
0.34562
0.34582
0.3461
0.34663
0.3468
0.34921
0.34936
0.34962
0.34972
0.34984
0.35006
0.35082
0.35089
0.35145
0.35262
0.35315
0.35354
0.35404
0.35577
0.35763
0.35801
0.35878
0.35926
0.36007
0.36026
0.3623
0.36355
0.36466
0.36529
0.36673
0.36693
0.36702
0.36742
0.36748
0.36761
0.36823
0.36955
0.36963
0.36967
0.36993
0.37085
0.37094
0.37183
0.37192
0.37308
0.37321
0.37433
0.37465
0.37514
0.37524
0.37527
0.37539
0.3754
0.37673
0.37732
0.37757
0.37774
0.37927
0.37931
0.37936
0.37965
0.3805
0.38112
0.38244
0.38316
0.38498
0.38506
0.3851
0.38534
0.38591
0.38667
0.38707
0.38726
0.38796
0.38811
0.3895
0.38962
0.38967
0.3898
0.38992
0.39056
0.39073
0.39079
0.39201
0.39243
0.39342
0.39349
0.39351
0.39363
0.39481
0.39488
0.39523
0.39523
0.39534
0.39677
0.39719
0.39726
0.39741
0.39751
0.398
0.39813
0.39819
0.39867
0.3988
0.39897
0.39978
0.40001
0.40073
0.40113
0.40265
0.40363
0.40433
0.40524
0.40528
0.40569
0.40574
0.40591
0.40602
0.40621
0.40625
0.40648
0.40823
0.4085
0.40877
0.40948
0.4096
0.40961
0.40962
0.40969
0.41023
0.41191
0.41247
0.41353
0.41358
0.4145
0.41452
0.41512
0.41645
0.41666
0.41789
0.41794
0.41877
0.4191
0.42008
0.42079
0.42104
0.42146
0.42174
0.42222
0.42253
0.42309
0.42395
0.42415
0.42419
0.42455
0.42529
0.42542
0.42592
0.42621
0.42669
0.42783
0.42788
0.42798
0.4284
0.42874
0.42897
0.42933
0.42946
0.42975
0.43041
0.4306
0.43094
0.43095
0.43145
0.43155
0.43163
0.43245
0.43252
0.43283
0.43305
0.4332
0.43357
0.43364
0.43372
0.43406
0.43423
0.43527
0.43615
0.43649
0.43654
0.43668
0.43685
0.43687
0.4372
0.4386
0.43885
0.43909
0.43969
0.43983
0.44025
0.44062
0.4409
0.44114
0.44216
0.44254
0.44268
0.44313
0.44331
0.44342
0.44349
0.44454
0.44462
0.44518
0.44532
0.44538
0.44548
0.44656
0.44789
0.44793
0.44822
0.4493
0.44978
0.44979
0.45011
0.45035
0.45134
0.45187
0.45265
0.45342
0.45379
0.45406
0.45425
0.45457
0.45813
0.45878
0.46126
0.46161
0.46201
0.46219
0.46254
0.46278
0.46312
0.46326
0.46335
0.46389
0.46441
0.46711
0.46741
0.46782
0.46809
0.46814
0.46823
0.46952
0.47148
0.47182
0.47309
0.47374
0.47617
0.4763
0.47694
0.47779
0.47847
0.47858
0.47865
0.47866
0.4798
0.47998
0.48027
0.48034
0.48133
0.48196
0.48227
0.48246
0.48247
0.48322
0.48494
0.48508
0.48508
0.48572
0.48607
0.48684
0.4872
0.48727
0.48835
0.48841
0.48882
0.48888
0.48973
0.4905
0.49117
0.49156
0.49289
0.49309
0.49365
0.4948
0.49612
0.49717
0.49744
0.49787
0.49904
0.50006
0.50017
0.50028
0.50089
0.50107
0.50144
0.50204
0.50221
0.50255
0.50273
0.50276
0.50282
0.50282
0.50291
0.50312
0.50333
0.5034
0.50356
0.50373
0.50378
0.50395
0.50431
0.50476
0.50523
0.50543
0.5057
0.50571
0.5063
0.50657
0.50827
0.50877
0.50918
0.50934
0.51061
0.51141
0.51177
0.51247
0.51266
0.51279
0.51309
0.51368
0.51473
0.515
0.51502
0.51518
0.51544
0.51568
0.51608
0.51732
0.51767
0.51787
0.51802
0.51838
0.5188
0.51976
0.52035
0.52062
0.52308
0.52356
0.52488
0.52508
0.5254
0.52604
0.52674
0.52677
0.5268
0.5274
0.5283
0.52865
0.52913
0.52986
0.53013
0.53048
0.5313
0.53236
0.53244
0.53343
0.5336
0.53426
0.53468
0.53527
0.53535
0.53552
0.53562
0.53573
0.5358
0.53614
0.53623
0.53752
0.53761
0.53811
0.53826
0.53836
0.53854
0.53887
0.53988
0.53996
0.54024
0.54067
0.5408
0.54196
0.54199
0.54203
0.5423
0.54284
0.5438
0.54383
0.54439
0.54461
0.54513
0.54531
0.54579
0.54581
0.54582
0.54623
0.54712
0.5496
0.55126
0.55139
0.55194
0.55448
0.55504
0.55601
0.55633
0.55741
0.55866
0.55874
0.55877
0.55906
0.55912
0.55975
0.55988
0.56114
0.56129
0.56132
0.56142
0.56222
0.56293
0.56295
0.5635
0.56471
0.56561
0.56562
0.56589
0.56667
0.56682
0.56734
0.56791
0.56809
0.56812
0.56818
0.56846
0.56854
0.56887
0.56918
0.56932
0.5695
0.57019
0.57022
0.5704
0.5704
0.57072
0.57099
0.57276
0.57316
0.57355
0.57369
0.57386
0.57422
0.57431
0.57435
0.57469
0.5753
0.57532
0.57532
0.57537
0.57633
0.57641
0.57646
0.57647
0.57743
0.5778
0.57788
0.57829
0.57842
0.57914
0.57923
0.57986
0.58067
0.58091
0.58169
0.58224
0.58289
0.58334
0.58446
0.58459
0.58557
0.58645
0.5865
0.58654
0.58696
0.58836
0.58841
0.58885
0.58975
0.58998
0.59015
0.59065
0.59078
0.59096
0.59313
0.59315
0.59371
0.59385
0.59455
0.59509
0.5953
0.59577
0.59658
0.59664
0.59688
0.59759
0.59781
0.59926
0.59948
0.59954
0.60015
0.60091
0.60157
0.60304
0.60374
0.60381
0.60474
0.60526
0.60526
0.60536
0.60578
0.60627
0.60644
0.60774
0.60852
0.60917
0.60988
0.60995
0.61049
0.61058
0.61099
0.61114
0.61188
0.61275
0.61397
0.61486
0.61527
0.61552
0.61563
0.61581
0.61592
0.61606
0.61612
0.6174
0.61766
0.61973
0.62048
0.62088
0.62142
0.62181
0.62184
0.62216
0.62228
0.62244
0.62269
0.62323
0.62325
0.62367
0.62382
0.62472
0.62491
0.6251
0.62522
0.6253
0.62548
0.62551
0.62587
0.62588
0.62619
0.62678
0.62759
0.62771
0.6278
0.62831
0.62834
0.62989
0.6309
0.63131
0.63144
0.63145
0.63172
0.6318
0.63199
0.63256
0.63273
0.63307
0.63343
0.63366
0.63428
0.63508
0.63513
0.63723
0.63741
0.63759
0.63761
0.63782
0.63945
0.63978
0.64019
0.64232
0.64276
0.64296
0.6432
0.64408
0.64411
0.64549
0.64602
0.64672
0.64753
0.6476
0.64989
0.65054
0.65075
0.65181
0.65203
0.65222
0.65247
0.65308
0.65427
0.65488
0.65516
0.6559
0.65619
0.65634
0.65645
0.65826
0.65849
0.65879
0.6594
0.65986
0.66092
0.661
0.66144
0.6615
0.66181
0.66264
0.66273
0.66283
0.6631
0.66366
0.66442
0.66461
0.66492
0.66578
0.66646
0.66699
0.66726
0.66752
0.66791
0.66824
0.66828
0.66893
0.66999
0.67147
0.67158
0.67159
0.67166
0.67175
0.67177
0.67185
0.67336
0.67345
0.67346
0.6736
0.67367
0.67374
0.67388
0.67453
0.67453
0.67783
0.67867
0.68011
0.6811
0.68117
0.68152
0.68257
0.68277
0.68298
0.68331
0.68462
0.68781
0.6881
0.68827
0.68924
0.68945
0.6896
0.69012
0.69048
0.69094
0.69114
0.69118
0.69128
0.69155
0.69243
0.69271
0.69388
0.69485
0.69524
0.69611
0.69641
0.69661
0.69788
0.69803
0.69828
0.69834
0.69836
0.69866
0.70005
0.70107
0.70213
0.70219
0.70303
0.70327
0.70352
0.70364
0.70393
0.70423
0.70438
0.70464
0.70577
0.70588
0.70593
0.70755
0.70758
0.70779
0.70801
0.70822
0.70898
0.70966
0.71063
0.71096
0.71162
0.71174
0.71175
0.71308
0.7135
0.71441
0.71487
0.715
0.7153
0.71557
0.71679
0.71681
0.71705
0.71718
0.7172
0.71747
0.71753
0.71807
0.7187
0.71921
0.72001
0.72042
0.72105
0.72156
0.72171
0.7231
0.72349
0.7267
0.72683
0.72711
0.72824
0.72874
0.7293
0.73006
0.73073
0.73117
0.73121
0.73141
0.73243
0.73291
0.73293
0.73332
0.73345
0.73357
0.73392
0.73567
0.73662
0.73841
0.73845
0.73905
0.73976
0.7407
0.74247
0.74279
0.74317
0.74359
0.74387
0.74401
0.74479
0.74487
0.7449
0.7449
0.74498
0.74526
0.74673
0.74746
0.74942
0.74967
0.75096
0.75103
0.75122
0.7515
0.75192
0.75289
0.75349
0.75359
0.75386
0.75452
0.75452
0.75485
0.75501
0.75519
0.75579
0.75767
0.75769
0.75832
0.7595
0.76005
0.76074
0.76128
0.76206
0.76215
0.76237
0.76264
0.76332
0.76392
0.76452
0.76509
0.76672
0.76726
0.76733
0.76764
0.7685
0.76896
0.76951
0.76967
0.77029
0.77049
0.77139
0.77153
0.77502
0.77628
0.77648
0.77734
0.77814
0.77848
0.77858
0.77917
0.77944
0.77973
0.78006
0.78009
0.78016
0.78026
0.78034
0.78038
0.78046
0.78072
0.78138
0.78142
0.78237
0.78238
0.78439
0.78524
0.78562
0.78575
0.78611
0.78625
0.78643
0.78644
0.78695
0.78766
0.78766
0.78788
0.78802
0.78815
0.79049
0.79108
0.79181
0.79203
0.79203
0.79329
0.79349
0.7941
0.79612
0.79808
0.79855
0.79897
0.79906
0.79953
0.79998
0.80003
0.80106
0.80223
0.80239
0.80283
0.80289
0.80312
0.8037
0.80388
0.80445
0.80466
0.80547
0.8056
0.80652
0.80728
0.80774
0.8078
0.81003
0.81141
0.81145
0.813
0.81329
0.81339
0.81366
0.81432
0.81501
0.81517
0.81602
0.81603
0.81621
0.81645
0.81751
0.8178
0.81814
0.81833
0.8186
0.81873
0.81897
0.81964
0.81965
0.81992
0.81994
0.82109
0.82114
0.82166
0.82182
0.82192
0.82196
0.8231
0.82344
0.82371
0.82517
0.82783
0.82811
0.82888
0.82892
0.82897
0.82959
0.83011
0.83136
0.83167
0.83258
0.83264
0.8328
0.83295
0.83296
0.8334
0.83506
0.83525
0.83633
0.83725
0.83768
0.83786
0.83827
0.83829
0.8383
0.83837
0.83855
0.84073
0.84108
0.84132
0.84174
0.84291
0.84308
0.84309
0.84359
0.8439
0.84522
0.84551
0.84558
0.84604
0.84637
0.84672
0.84727
0.84778
0.8478
0.84816
0.84925
0.85005
0.85059
0.85065
0.85066
0.85072
0.8508
0.85105
0.85157
0.85194
0.85259
0.85266
0.8528
0.85344
0.85411
0.85425
0.85525
0.85665
0.85753
0.85789
0.85915
0.85976
0.85979
0.86012
0.86056
0.86144
0.8615
0.86159
0.86238
0.86487
0.86528
0.86547
0.86557
0.86567
0.86568
0.8662
0.8663
0.86633
0.86681
0.86749
0.86766
0.86902
0.86916
0.86965
0.86976
0.87073
0.87186
0.87188
0.87192
0.87246
0.87323
0.87359
0.87412
0.87475
0.87484
0.87526
0.87533
0.87593
0.87594
0.87598
0.87759
0.87852
0.87862
0.87916
0.87969
0.87995
0.88095
0.88143
0.88261
0.88292
0.88382
0.88406
0.88433
0.88433
0.88501
0.88551
0.88578
0.88591
0.88601
0.88606
0.88682
0.88685
0.88696
0.88737
0.88799
0.88822
0.88846
0.88864
0.88864
0.88884
0.88926
0.89025
0.89025
0.89076
0.89088
0.8909
0.89145
0.89273
0.89341
0.8947
0.89536
0.89561
0.89579
0.8969
0.89696
0.89711
0.89741
0.89845
0.89904
0.90009
0.90077
0.90079
0.90094
0.90124
0.90125
0.90125
0.9014
0.90161
0.90162
0.90185
0.90196
0.90357
0.90365
0.90375
0.9046
0.90537
0.90553
0.90652
0.90688
0.90847
0.90952
0.91146
0.91189
0.91215
0.91447
0.91502
0.9152
0.91549
0.91569
0.9161
0.91664
0.91697
0.9179
0.91791
0.91811
0.91832
0.91876
0.91927
0.92011
0.92051
0.9207
0.9212
0.92155
0.92225
0.9225
0.92286
0.924
0.92429
0.92503
0.92542
0.92648
0.92671
0.92741
0.92772
0.92795
0.92872
0.92893
0.9295
0.93008
0.93018
0.93028
0.93041
0.93089
0.93097
0.93111
0.9312
0.93193
0.93224
0.93306
0.93326
0.93425
0.93508
0.93567
0.93605
0.93725
0.93759
0.93857
0.93902
0.93927
0.93933
0.9394
0.93964
0.94032
0.94092
0.94107
0.94149
0.94257
0.94261
0.94278
0.94322
0.94489
0.94579
0.94815
0.9488
0.94986
0.95011
0.95024
0.95097
0.95136
0.95217
0.95274
0.95452
0.95454
0.95455
0.95457
0.95481
0.95513
0.95516
0.95573
0.9563
0.95708
0.95727
0.95773
0.95843
0.95908
0.95994
0.96046
0.96152
0.96253
0.96276
0.96345
0.96488
0.96524
0.96534
0.9668
0.9669
0.96724
0.96778
0.96799
0.96803
0.96826
0.96847
0.96857
0.96945
0.96968
0.96979
0.97021
0.97098
0.97123
0.97158
0.97192
0.97307
0.97335
0.97337
0.97383
0.97419
0.97424
0.97429
0.97488
0.97537
0.97556
0.97678
0.97707
0.97764
0.97813
0.9798
0.97998
0.98055
0.98119
0.98273
0.98281
0.98282
0.98315
0.98471
0.98505
0.98518
0.98532
0.98554
0.9858
0.98602
0.98609
0.9863
0.98712
0.98849
0.98862
0.98865
0.98873
0.98897
0.98908
0.9892
0.98956
0.98981
0.99001
0.9901
0.99021
0.99033
0.99035
0.99043
0.99104
0.9913
0.99185
0.99254
0.99301
0.99335
0.99453
0.99508
0.99508
0.99539
0.99559
0.99638
0.99657
0.99755
0.9979
0.9984
0.99868
0.99882
0.99912
0.99914
0.99969
0.99994
