0.00022
0.00036
0.00038
0.00042
0.00049
0.0007
0.00075
0.00079
0.00083
0.00113
0.00148
0.00156
0.00157
0.00163
0.00184
0.00191
0.00197
0.00222
0.00229
0.00272
0.00275
0.00281
0.00281
0.00281
0.00302
0.00329
0.00351
0.00357
0.00365
0.00366
0.00372
0.00381
0.00391
0.00407
0.00408
0.00408
0.00413
0.00413
0.00434
0.0044
0.00441
0.00443
0.00444
0.00448
0.00453
0.00454
0.00463
0.00472
0.00472
0.00473
0.00482
0.00488
0.0049
0.00492
0.00501
0.00525
0.00532
0.00535
0.00536
0.00536
0.00541
0.00544
0.00549
0.0055
0.00563
0.0057
0.00581
0.00582
0.00582
0.00593
0.00594
0.00595
0.00595
0.00613
0.00622
0.00638
0.00662
0.00665
0.00682
0.00689
0.00693
0.00703
0.0071
0.00714
0.00723
0.00732
0.00734
0.00739
0.00752
0.00767
0.00769
0.00789
0.00802
0.00804
0.00814
0.00818
0.00827
0.00832
0.00848
0.00859
0.00862
0.00866
0.00879
0.00881
0.00887
0.00891
0.00897
0.00897
0.00919
0.00937
0.00939
0.00948
0.00948
0.00969
0.00972
0.00972
0.00972
0.00983
0.00986
0.00992
0.01038
0.01038
0.01042
0.01073
0.01084
0.01086
0.01096
0.0112
0.01122
0.01125
0.01153
0.01158
0.01159
0.01161
0.01171
0.01187
0.01188
0.01194
0.01194
0.01208
0.01209
0.01213
0.01216
0.01216
0.01234
0.01254
0.01264
0.01272
0.01273
0.01282
0.01284
0.01284
0.01299
0.0131
0.01317
0.01335
0.01354
0.01365
0.01366
0.01371
0.01382
0.01389
0.01402
0.01406
0.01423
0.01425
0.01496
0.01511
0.01546
0.01554
0.01577
0.0158
0.01623
0.01635
0.0164
0.01644
0.01666
0.0167
0.01675
0.01692
0.01697
0.01715
0.0172
0.01731
0.01732
0.01754
0.01758
0.0176
0.01766
0.01773
0.01776
0.0178
0.01786
0.01797
0.01811
0.01848
0.0185
0.01851
0.01877
0.0188
0.01885
0.01886
0.0189
0.01898
0.01906
0.0191
0.0193
0.01931
0.01952
0.0196
0.01966
0.01969
0.01976
0.01993
0.02002
0.02009
0.0202
0.02022
0.02035
0.02066
0.02077
0.02078
0.02082
0.02082
0.02088
0.02094
0.02096
0.02098
0.02099
0.02102
0.02108
0.02119
0.02121
0.02123
0.02126
0.02142
0.02149
0.02166
0.02168
0.02169
0.02177
0.02189
0.02197
0.02201
0.02201
0.0221
0.02212
0.02223
0.02233
0.02242
0.02243
0.02247
0.02269
0.02272
0.02278
0.02325
0.02325
0.02348
0.02377
0.02391
0.02391
0.02394
0.02397
0.02406
0.02409
0.02414
0.02415
0.02436
0.02454
0.02454
0.02457
0.02467
0.02468
0.02491
0.02494
0.02509
0.02518
0.0252
0.0252
0.02525
0.02536
0.02545
0.02561
0.02573
0.02575
0.02585
0.02592
0.02605
0.0263
0.0263
0.02632
0.02633
0.02653
0.0266
0.02662
0.02668
0.02708
0.0272
0.02742
0.02746
0.02748
0.02751
0.02756
0.02763
0.0277
0.02785
0.02824
0.02826
0.02829
0.02835
0.02858
0.02869
0.02876
0.02879
0.0288
0.02884
0.02887
0.02902
0.02902
0.02905
0.02929
0.02933
0.02945
0.0295
0.02956
0.02964
0.02966
0.0299
0.02992
0.02998
0.03011
0.03013
0.03013
0.03028
0.03032
0.03053
0.03112
0.03129
0.03136
0.0314
0.03156
0.03162
0.03171
0.0318
0.03207
0.03212
0.03213
0.03231
0.03235
0.03236
0.03247
0.03253
0.03256
0.03258
0.03286
0.03287
0.03288
0.03296
0.03305
0.03312
0.03314
0.03322
0.03347
0.03352
0.03362
0.03375
0.03378
0.03409
0.03409
0.03433
0.03453
0.03486
0.03488
0.03495
0.03501
0.03504
0.03507
0.03509
0.03515
0.03517
0.03521
0.03523
0.03524
0.03525
0.03565
0.03591
0.03599
0.03603
0.03617
0.03619
0.03645
0.03648
0.03649
0.03655
0.03658
0.03661
0.03664
0.03665
0.0367
0.03672
0.03674
0.03676
0.03684
0.03691
0.03696
0.03713
0.03719
0.0372
0.03728
0.03736
0.03737
0.03775
0.03798
0.03806
0.03807
0.03815
0.03833
0.03856
0.03867
0.03887
0.0389
0.0391
0.03923
0.03941
0.03941
0.03944
0.03955
0.03962
0.03965
0.03977
0.03997
0.03999
0.04
0.04008
0.04013
0.04014
0.04016
0.04016
0.04029
0.04035
0.04036
0.04074
0.04074
0.04081
0.04102
0.04125
0.04132
0.04135
0.04143
0.04151
0.0416
0.04167
0.04172
0.04172
0.04175
0.04175
0.04197
0.04215
0.04223
0.0424
0.04244
0.04252
0.0427
0.04274
0.04276
0.04284
0.04294
0.04297
0.04304
0.0431
0.04311
0.04314
0.04335
0.0434
0.04341
0.04352
0.04371
0.04385
0.04392
0.04395
0.04396
0.04396
0.04401
0.04418
0.04427
0.04434
0.04434
0.04446
0.04446
0.04448
0.04449
0.04452
0.0448
0.0448
0.0449
0.04509
0.04515
0.04519
0.04524
0.04542
0.04581
0.04586
0.04589
0.04598
0.0462
0.0462
0.04623
0.04638
0.04654
0.04675
0.04705
0.04709
0.04722
0.04722
0.04733
0.04744
0.04771
0.04785
0.04786
0.04809
0.04809
0.04813
0.04841
0.04853
0.04858
0.04875
0.04894
0.04903
0.04918
0.04919
0.04942
0.04947
0.04956
0.04957
0.04969
0.04992
0.04992
0.04994
0.04997
0.05031
0.05033
0.05036
0.05069
0.05071
0.05079
0.05085
0.05087
0.05101
0.05104
0.05114
0.05117
0.05121
0.05133
0.05151
0.05169
0.05171
0.05174
0.05189
0.05194
0.05202
0.05215
0.05222
0.05233
0.05244
0.05277
0.05278
0.05287
0.05287
0.05289
0.05294
0.05303
0.05317
0.05319
0.05321
0.05321
0.05348
0.05353
0.05361
0.05365
0.05366
0.05373
0.05377
0.05378
0.05384
0.05391
0.05397
0.05404
0.0541
0.05436
0.05448
0.05492
0.05495
0.05501
0.05516
0.05517
0.05521
0.0555
0.05577
0.05593
0.05594
0.05601
0.05614
0.0563
0.05639
0.05651
0.05655
0.05657
0.05668
0.05675
0.05683
0.05683
0.05686
0.0569
0.05695
0.05724
0.05738
0.05745
0.05783
0.05787
0.05793
0.05795
0.05796
0.05802
0.05806
0.05807
0.05813
0.05815
0.05822
0.05825
0.05841
0.05843
0.05873
0.05876
0.05885
0.05897
0.05909
0.0591
0.0591
0.05915
0.05922
0.05935
0.05949
0.05951
0.05957
0.05957
0.05958
0.05977
0.05985
0.05988
0.06002
0.06021
0.06025
0.06028
0.06035
0.06059
0.06065
0.06078
0.06088
0.06105
0.06117
0.06129
0.06131
0.06139
0.06149
0.06151
0.06162
0.06163
0.06164
0.06182
0.06185
0.062
0.06208
0.06223
0.06237
0.06239
0.06243
0.06265
0.0629
0.06297
0.06307
0.06316
0.06332
0.06335
0.06336
0.06344
0.0635
0.06352
0.06355
0.0636
0.06367
0.06372
0.06373
0.06383
0.06389
0.06393
0.06397
0.06398
0.06406
0.06408
0.06417
0.06417
0.06417
0.06427
0.06442
0.06487
0.06491
0.06492
0.06492
0.06495
0.06502
0.06508
0.06516
0.06526
0.06556
0.06557
0.0656
0.06561
0.06589
0.06592
0.06597
0.06614
0.06618
0.06619
0.06634
0.06641
0.06643
0.06646
0.06656
0.06661
0.06666
0.06688
0.06694
0.06695
0.06699
0.06704
0.06718
0.06729
0.06729
0.06731
0.06734
0.06739
0.06746
0.06747
0.06759
0.06761
0.06768
0.06768
0.0677
0.0677
0.06771
0.06821
0.06822
0.06824
0.06834
0.06836
0.06842
0.06845
0.06854
0.06858
0.06861
0.06877
0.06885
0.06886
0.06908
0.06922
0.06929
0.06931
0.06948
0.06958
0.06975
0.06978
0.06987
0.07008
0.07008
0.07015
0.07022
0.07024
0.07027
0.07031
0.07044
0.07057
0.07062
0.07085
0.07087
0.07095
0.07097
0.07126
0.0714
0.07161
0.07184
0.07203
0.07204
0.07205
0.07213
0.07221
0.07225
0.07231
0.07237
0.07237
0.07258
0.07275
0.07278
0.07303
0.07308
0.07309
0.07355
0.07357
0.07361
0.07375
0.07382
0.07383
0.07389
0.07395
0.07418
0.07421
0.07432
0.07446
0.07448
0.07452
0.07488
0.0749
0.07492
0.07492
0.07493
0.07498
0.07546
0.07561
0.07567
0.07587
0.07606
0.07626
0.07634
0.07648
0.07663
0.07666
0.07685
0.07702
0.07704
0.07704
0.07707
0.07709
0.07717
0.07724
0.07727
0.07737
0.07745
0.07749
0.07758
0.07763
0.07767
0.07778
0.07786
0.07809
0.07812
0.07834
0.07855
0.07864
0.07868
0.07876
0.07879
0.0788
0.07883
0.07884
0.07894
0.07909
0.0792
0.07946
0.07951
0.07951
0.07968
0.07971
0.07971
0.07994
0.08
0.08021
0.08038
0.08044
0.0806
0.08068
0.08068
0.08081
0.08081
0.08087
0.08094
0.08107
0.08109
0.08123
0.08125
0.0813
0.0813
0.08131
0.08144
0.08151
0.08174
0.08184
0.08184
0.08191
0.08202
0.08207
0.08208
0.08219
0.08225
0.08234
0.08237
0.08256
0.08261
0.08267
0.08271
0.08274
0.08285
0.08286
0.08288
0.08335
0.08338
0.08344
0.08406
0.08429
0.08444
0.08445
0.08447
0.08464
0.08468
0.0848
0.08481
0.08486
0.08505
0.08516
0.08538
0.08563
0.08569
0.08577
0.08591
0.08591
0.08594
0.08604
0.08614
0.08619
0.08655
0.0866
0.08679
0.08705
0.08706
0.08707
0.08724
0.08743
0.0875
0.08756
0.08758
0.08765
0.08789
0.08791
0.08819
0.08824
0.08825
0.08862
0.08863
0.0887
0.08874
0.08877
0.08881
0.08885
0.08899
0.08902
0.08902
0.08903
0.08908
0.08909
0.08921
0.08927
0.08927
0.08932
0.08949
0.08955
0.08975
0.08987
0.09004
0.09019
0.09031
0.09038
0.09052
0.09085
0.09085
0.09089
0.09111
0.09112
0.09134
0.09139
0.09148
0.09152
0.09175
0.09178
0.0918
0.09186
0.09205
0.09206
0.09208
0.09208
0.09224
0.09238
0.09245
0.0925
0.0929
0.09316
0.09317
0.09336
0.09356
0.09364
0.09369
0.09369
0.0937
0.09376
0.09386
0.09393
0.09409
0.09415
0.09421
0.09428
0.09456
0.09459
0.0946
0.09461
0.09468
0.09473
0.09479
0.09496
0.09501
0.09503
0.09511
0.09523
0.09536
0.09555
0.09559
0.09567
0.0957
0.09572
0.09574
0.09576
0.0958
0.09594
0.09614
0.09619
0.09649
0.09652
0.09661
0.09663
0.09671
0.09673
0.09687
0.09689
0.09691
0.09726
0.09727
0.09737
0.09738
0.09739
0.0974
0.09745
0.09747
0.09766
0.09775
0.09802
0.09804
0.09807
0.09831
0.09839
0.09843
0.09868
0.09896
0.09902
0.09905
0.09919
0.0992
0.0992
0.09936
0.09946
0.09949
0.0996
0.09964
0.09984
0.09995
0.09995
0.09997
0.1001
0.10014
0.10021
0.10037
0.1004
0.10055
0.10058
0.10078
0.10098
0.10107
0.10113
0.10156
0.10162
0.10171
0.10173
0.10173
0.10177
0.10186
0.10187
0.10196
0.10239
0.10255
0.10269
0.10286
0.10305
0.10307
0.10308
0.10322
0.10353
0.10357
0.10365
0.10375
0.10387
0.10414
0.1042
0.10453
0.1046
0.10466
0.10477
0.10484
0.10488
0.10501
0.10503
0.10505
0.1051
0.10513
0.10519
0.10524
0.10555
0.10562
0.1057
0.10571
0.10579
0.1058
0.1058
0.10598
0.10608
0.10624
0.10628
0.1063
0.10634
0.10642
0.10662
0.10671
0.10675
0.1068
0.107
0.10712
0.10716
0.1072
0.10729
0.10729
0.10731
0.10748
0.10748
0.10749
0.10759
0.10774
0.10778
0.10786
0.10786
0.10802
0.10803
0.10855
0.10876
0.1088
0.10882
0.10884
0.1089
0.10892
0.10894
0.10896
0.1091
0.10911
0.10913
0.10917
0.1092
0.10928
0.10928
0.10947
0.10963
0.10963
0.11017
0.1106
0.11076
0.11077
0.111
0.11112
0.11144
0.11154
0.11158
0.11165
0.11165
0.11169
0.11188
0.11192
0.11197
0.11208
0.11226
0.11246
0.11252
0.11253
0.11274
0.11278
0.11308
0.11327
0.11338
0.11348
0.11365
0.11373
0.11391
0.114
0.1141
0.11414
0.11424
0.11425
0.11432
0.11438
0.1144
0.11462
0.11462
0.11484
0.11486
0.11491
0.11509
0.11511
0.11519
0.11523
0.11525
0.11533
0.11559
0.11565
0.11573
0.11602
0.11607
0.1162
0.11632
0.11646
0.11648
0.11651
0.11658
0.11669
0.11689
0.11694
0.11706
0.11717
0.11731
0.11746
0.11757
0.11763
0.11763
0.11782
0.11788
0.11792
0.11799
0.11801
0.11804
0.11816
0.11826
0.11848
0.11877
0.11882
0.11886
0.11915
0.11918
0.11923
0.11926
0.11977
0.11998
0.11999
0.12012
0.12029
0.12031
0.12046
0.12049
0.12071
0.12077
0.12089
0.12091
0.12095
0.12112
0.12119
0.12123
0.12128
0.12143
0.12144
0.12153
0.12156
0.12167
0.12178
0.12197
0.12208
0.12237
0.12241
0.12272
0.12275
0.12277
0.12277
0.12289
0.1229
0.12303
0.12316
0.12331
0.12334
0.12334
0.1234
0.12342
0.1235
0.12353
0.12363
0.12375
0.12383
0.12392
0.12408
0.12411
0.12424
0.12429
0.12438
0.1247
0.12498
0.12536
0.12551
0.12554
0.12555
0.12561
0.12565
0.12576
0.12579
0.12587
0.12593
0.12597
0.12597
0.12598
0.12604
0.12642
0.12654
0.12705
0.12722
0.12727
0.12727
0.12732
0.12745
0.12754
0.12791
0.12801
0.12807
0.12832
0.12832
0.12836
0.12843
0.12845
0.1285
0.12858
0.12866
0.12867
0.12874
0.12881
0.12942
0.12943
0.12945
0.12984
0.12984
0.12997
0.12997
0.13003
0.13006
0.13007
0.13008
0.13017
0.13028
0.13038
0.13115
0.13128
0.13138
0.13141
0.13148
0.13154
0.13164
0.13167
0.13193
0.13197
0.13205
0.13208
0.13239
0.13259
0.1327
0.13271
0.13275
0.13284
0.13306
0.13317
0.13329
0.13334
0.13335
0.1334
0.13344
0.1335
0.13374
0.13377
0.13405
0.13405
0.13436
0.13467
0.13477
0.13489
0.135
0.13522
0.13526
0.1353
0.13533
0.13573
0.13582
0.13588
0.13593
0.13595
0.13599
0.136
0.13611
0.13613
0.13627
0.13633
0.13638
0.1365
0.1365
0.1367
0.13717
0.1372
0.1374
0.13744
0.13771
0.13776
0.13778
0.13778
0.13798
0.13809
0.13813
0.13823
0.13826
0.13833
0.13854
0.13863
0.13877
0.13897
0.1394
0.1394
0.13944
0.13947
0.13952
0.13952
0.13954
0.13955
0.13976
0.13978
0.13986
0.13994
0.14
0.14019
0.14031
0.14059
0.14059
0.14061
0.14073
0.14073
0.1408
0.14082
0.14094
0.14102
0.14103
0.14109
0.14112
0.14114
0.14127
0.14128
0.1413
0.14137
0.14146
0.14167
0.14167
0.1417
0.1418
0.14196
0.14209
0.14218
0.14232
0.1424
0.14249
0.14254
0.14259
0.14272
0.14274
0.14302
0.14311
0.14312
0.1432
0.14322
0.14329
0.14334
0.14342
0.14346
0.14353
0.14354
0.1436
0.1436
0.14361
0.14386
0.14387
0.14388
0.14417
0.14441
0.14445
0.14472
0.14479
0.14483
0.14495
0.14534
0.14536
0.14547
0.14548
0.14555
0.14562
0.14576
0.14593
0.14614
0.1462
0.14638
0.14658
0.14659
0.14662
0.14665
0.14667
0.14667
0.14674
0.14676
0.1468
0.14696
0.147
0.1474
0.14742
0.14755
0.14756
0.14757
0.14759
0.14762
0.14776
0.14781
0.1479
0.14797
0.14797
0.14813
0.14815
0.14848
0.14849
0.14851
0.1486
0.14874
0.14879
0.1488
0.14887
0.14888
0.14888
0.14899
0.149
0.14904
0.14912
0.14928
0.14932
0.14942
0.14945
0.14954
0.14959
0.14962
0.14967
0.1497
0.14974
0.14976
0.14987
0.15
0.15022
0.15022
0.15029
0.15043
0.15048
0.15063
0.15088
0.15102
0.15106
0.15107
0.15118
0.15142
0.15156
0.1516
0.15161
0.15165
0.15173
0.15186
0.15201
0.15201
0.1525
0.15283
0.15319
0.1532
0.1532
0.15326
0.15328
0.15333
0.15334
0.15344
0.1535
0.15353
0.15355
0.15357
0.15385
0.15388
0.15398
0.15407
0.15411
0.15425
0.15429
0.15438
0.15442
0.15454
0.15457
0.15469
0.15482
0.15484
0.15489
0.15499
0.15506
0.15508
0.15529
0.15563
0.15588
0.15601
0.15622
0.15622
0.15624
0.15627
0.15638
0.15658
0.15664
0.15675
0.15676
0.15691
0.15697
0.1571
0.1571
0.15714
0.15724
0.1573
0.15745
0.15746
0.15775
0.15778
0.15786
0.15818
0.15822
0.15831
0.15839
0.15855
0.15882
0.15891
0.15893
0.15897
0.15916
0.15918
0.15925
0.1593
0.15952
0.15953
0.15955
0.15965
0.15972
0.15981
0.16
0.16008
0.16016
0.16017
0.1602
0.1602
0.16044
0.16047
0.16057
0.16066
0.16067
0.16073
0.16088
0.16105
0.16107
0.16114
0.16133
0.16184
0.16209
0.16219
0.16228
0.16229
0.16235
0.16258
0.16294
0.16298
0.16319
0.16331
0.16335
0.16346
0.16347
0.16352
0.16357
0.1637
0.16388
0.1639
0.16391
0.1641
0.16413
0.16442
0.16455
0.16463
0.16499
0.165
0.16506
0.16506
0.16515
0.1652
0.16522
0.16528
0.16545
0.16568
0.16587
0.16626
0.16628
0.16652
0.16673
0.16683
0.16717
0.16728
0.16732
0.1676
0.16762
0.16762
0.16769
0.16773
0.1681
0.16831
0.16832
0.16889
0.1691
0.16912
0.16913
0.16926
0.16927
0.16942
0.16959
0.16963
0.16973
0.16999
0.17009
0.1702
0.17029
0.17037
0.17048
0.1706
0.1706
0.17071
0.17076
0.17087
0.17113
0.1712
0.17126
0.17136
0.17151
0.17157
0.17178
0.17185
0.17194
0.17222
0.17223
0.17226
0.17242
0.17249
0.1725
0.17259
0.17262
0.17267
0.17271
0.17274
0.17289
0.17292
0.17294
0.17301
0.17302
0.17304
0.17308
0.17316
0.17318
0.17319
0.17322
0.17322
0.17344
0.17357
0.17362
0.17363
0.17374
0.17386
0.1739
0.17392
0.17393
0.17437
0.17442
0.17469
0.17473
0.17474
0.17492
0.17495
0.17503
0.17505
0.17527
0.17544
0.17552
0.17588
0.17611
0.17612
0.17615
0.17618
0.17631
0.17637
0.17638
0.17643
0.17645
0.17685
0.17697
0.17704
0.17734
0.17743
0.17754
0.17766
0.1777
0.1777
0.17784
0.17784
0.17792
0.17804
0.17805
0.17824
0.17827
0.17835
0.17854
0.17862
0.17866
0.17869
0.17878
0.17884
0.17887
0.17889
0.17912
0.17918
0.1792
0.17921
0.1794
0.1796
0.17972
0.17972
0.17999
0.18008
0.18035
0.18046
0.18065
0.18068
0.1808
0.18086
0.18099
0.18107
0.18134
0.18157
0.18166
0.18169
0.18171
0.18174
0.18177
0.18185
0.18191
0.18225
0.18263
0.18286
0.18287
0.18297
0.18298
0.18313
0.18318
0.18321
0.18321
0.18338
0.18362
0.18364
0.18375
0.18386
0.18397
0.18418
0.18419
0.18429
0.1843
0.18439
0.18446
0.18451
0.18455
0.18461
0.18471
0.1848
0.18483
0.18484
0.18504
0.18514
0.18518
0.18524
0.18526
0.1854
0.18541
0.18553
0.18561
0.18564
0.1857
0.1857
0.18583
0.18589
0.18593
0.18594
0.18595
0.18597
0.18602
0.18603
0.18603
0.18605
0.1861
0.18614
0.18622
0.18634
0.1864
0.18658
0.18668
0.18668
0.18692
0.18702
0.18708
0.18729
0.18741
0.1876
0.18761
0.18782
0.18796
0.18797
0.18826
0.18827
0.18836
0.18848
0.18848
0.18849
0.18853
0.18857
0.18868
0.18871
0.18882
0.18884
0.18889
0.18898
0.18903
0.18904
0.18912
0.18916
0.18918
0.18933
0.18938
0.18943
0.18949
0.18959
0.18971
0.18974
0.18978
0.18984
0.19017
0.19018
0.19024
0.19033
0.19036
0.1904
0.19043
0.19048
0.19079
0.1908
0.1908
0.19081
0.19083
0.19091
0.191
0.19116
0.19136
0.19139
0.19153
0.19164
0.19178
0.1918
0.19184
0.19189
0.19208
0.19223
0.19233
0.1924
0.19261
0.19274
0.19284
0.1929
0.19315
0.19323
0.19323
0.19364
0.19371
0.19373
0.19374
0.19385
0.19419
0.19451
0.19455
0.19469
0.19473
0.19478
0.19508
0.19522
0.19527
0.19531
0.19532
0.19535
0.19541
0.19551
0.19553
0.19554
0.19555
0.19555
0.1957
0.19571
0.1958
0.19585
0.19589
0.19592
0.19603
0.19613
0.19633
0.19651
0.19652
0.19672
0.19673
0.1968
0.19683
0.19713
0.1975
0.19757
0.19758
0.19762
0.19769
0.1977
0.19779
0.19794
0.19799
0.19807
0.19814
0.19817
0.19844
0.19854
0.19862
0.19882
0.19898
0.19912
0.19935
0.19945
0.1995
0.19959
0.19963
0.19969
0.19996
0.20018
0.20022
0.20043
0.20062
0.20071
0.20073
0.20074
0.20092
0.20096
0.20117
0.20126
0.20146
0.20148
0.2016
0.20173
0.20175
0.20177
0.20189
0.20206
0.20221
0.20222
0.20223
0.20227
0.20241
0.20247
0.2025
0.20252
0.20257
0.20264
0.20278
0.20279
0.20284
0.20291
0.20293
0.20295
0.20311
0.20361
0.20364
0.20366
0.20386
0.20397
0.20408
0.20423
0.20458
0.20459
0.20462
0.20464
0.20467
0.20485
0.20505
0.20509
0.20509
0.2051
0.20534
0.20552
0.20588
0.20601
0.20606
0.20607
0.20628
0.20637
0.20644
0.20647
0.20652
0.20654
0.20661
0.20661
0.20665
0.20688
0.20705
0.20707
0.20719
0.20721
0.20735
0.20747
0.20747
0.20754
0.20776
0.20781
0.20804
0.20814
0.20815
0.20833
0.2084
0.20845
0.20874
0.20878
0.20895
0.20906
0.20915
0.20918
0.20924
0.20925
0.20941
0.20945
0.20956
0.20983
0.20984
0.20993
0.20995
0.21014
0.21021
0.21033
0.21039
0.21079
0.2108
0.21093
0.21094
0.21106
0.21126
0.21141
0.21151
0.21166
0.21174
0.21178
0.21191
0.21199
0.21221
0.21222
0.21227
0.21233
0.21268
0.21287
0.21287
0.21299
0.2131
0.21315
0.21317
0.21318
0.21351
0.21368
0.21369
0.21394
0.21422
0.21447
0.21455
0.21458
0.21463
0.21464
0.21467
0.21485
0.21516
0.21521
0.21521
0.21524
0.21543
0.21566
0.21578
0.216
0.21602
0.21606
0.21612
0.21613
0.21616
0.21629
0.21656
0.21661
0.21676
0.21679
0.21689
0.21698
0.21709
0.21717
0.21718
0.21733
0.21737
0.21751
0.21751
0.21753
0.21782
0.21807
0.21811
0.21812
0.21823
0.21842
0.21877
0.21896
0.21901
0.21908
0.21915
0.21923
0.21923
0.21927
0.21946
0.21946
0.21947
0.21949
0.21961
0.2198
0.21995
0.22007
0.22014
0.22017
0.22026
0.22027
0.22028
0.22037
0.22069
0.22083
0.22087
0.2209
0.22118
0.22125
0.22127
0.22141
0.22158
0.22159
0.22161
0.22171
0.22175
0.22183
0.22193
0.22218
0.2222
0.22222
0.2227
0.22273
0.22279
0.22283
0.22288
0.22297
0.22301
0.22306
0.2232
0.22332
0.22337
0.2235
0.2237
0.2238
0.2239
0.22404
0.2241
0.22414
0.22417
0.22453
0.22455
0.22487
0.22494
0.22525
0.22528
0.2255
0.22564
0.22578
0.22588
0.22593
0.22598
0.22612
0.22614
0.22616
0.22634
0.2264
0.22713
0.22716
0.22735
0.22747
0.22762
0.22762
0.22763
0.22763
0.22769
0.22769
0.2277
0.22787
0.228
0.22813
0.22819
0.22845
0.22851
0.22865
0.22865
0.2287
0.22905
0.2293
0.22939
0.22952
0.22993
0.23006
0.23016
0.23019
0.23027
0.23042
0.23044
0.23046
0.23046
0.23049
0.23051
0.23057
0.23073
0.23081
0.23107
0.23109
0.23119
0.2312
0.23121
0.23134
0.23145
0.2315
0.23158
0.23193
0.23225
0.23227
0.23241
0.23242
0.2325
0.23278
0.23279
0.23282
0.23297
0.23357
0.23359
0.23359
0.23366
0.23374
0.23376
0.23415
0.23427
0.23429
0.23441
0.23445
0.23479
0.23486
0.2349
0.23507
0.23508
0.23511
0.23512
0.23531
0.23532
0.23564
0.23575
0.23579
0.23601
0.23617
0.23628
0.23635
0.2364
0.23641
0.23641
0.23643
0.2369
0.23703
0.23729
0.23736
0.23738
0.23738
0.23738
0.23746
0.2378
0.23793
0.23814
0.23824
0.23827
0.23827
0.23849
0.2385
0.23851
0.23855
0.23864
0.23873
0.23882
0.23882
0.23888
0.23893
0.23895
0.23898
0.23953
0.23954
0.23957
0.23971
0.24006
0.24011
0.24028
0.24076
0.2408
0.24081
0.24086
0.24103
0.24104
0.24121
0.24131
0.24132
0.2414
0.24147
0.24174
0.24174
0.2418
0.24187
0.24201
0.24205
0.24213
0.2423
0.24236
0.24245
0.24289
0.24329
0.24339
0.24357
0.2436
0.24381
0.24383
0.24388
0.24393
0.24398
0.24411
0.24414
0.24447
0.24461
0.24463
0.24482
0.24496
0.24499
0.24502
0.24511
0.24511
0.24524
0.24539
0.24545
0.2456
0.24572
0.2458
0.24611
0.24615
0.24636
0.24653
0.24667
0.2468
0.24687
0.24692
0.24695
0.24708
0.24717
0.24719
0.24732
0.24753
0.24764
0.24766
0.24783
0.24783
0.24786
0.24793
0.24794
0.2481
0.24814
0.24823
0.24831
0.24837
0.24856
0.24861
0.24885
0.24908
0.2492
0.24938
0.24941
0.24941
0.24948
0.24953
0.24967
0.24981
0.24997
0.25023
0.25025
0.25026
0.25038
0.25083
0.25093
0.25094
0.25098
0.25101
0.25133
0.25135
0.25138
0.25158
0.2516
0.25163
0.25167
0.2517
0.25193
0.25204
0.25219
0.25224
0.25252
0.25257
0.25267
0.25293
0.253
0.25317
0.25319
0.25322
0.25336
0.25342
0.25353
0.2536
0.25399
0.2541
0.25423
0.25424
0.25428
0.25448
0.25454
0.25459
0.25461
0.25461
0.25468
0.25474
0.25485
0.25498
0.25526
0.25543
0.25556
0.25598
0.25599
0.25614
0.25632
0.25637
0.25643
0.25644
0.25665
0.2568
0.25681
0.25684
0.25687
0.25694
0.25698
0.25706
0.25709
0.25734
0.25735
0.25739
0.25753
0.2576
0.25772
0.25773
0.25777
0.25785
0.25787
0.25791
0.25796
0.25808
0.25823
0.2583
0.25848
0.25862
0.25882
0.25892
0.25901
0.25901
0.25911
0.25914
0.25927
0.25942
0.25951
0.25986
0.25986
0.25997
0.25997
0.26003
0.26021
0.26023
0.26029
0.26029
0.26038
0.2604
0.26061
0.26065
0.26081
0.26117
0.26121
0.26133
0.26138
0.26152
0.26155
0.26162
0.26169
0.26183
0.26185
0.26188
0.26189
0.26213
0.26217
0.26218
0.26232
0.26233
0.2625
0.26261
0.26266
0.26277
0.26281
0.26291
0.26313
0.26319
0.26354
0.26367
0.26373
0.26379
0.26396
0.26419
0.26424
0.26442
0.26455
0.26466
0.2647
0.26482
0.26519
0.26531
0.26542
0.26547
0.26567
0.26575
0.26582
0.26585
0.26597
0.26602
0.26607
0.26619
0.26628
0.26636
0.26645
0.26655
0.26664
0.2668
0.2669
0.26697
0.26711
0.26717
0.26722
0.26723
0.26735
0.26744
0.26745
0.26758
0.26767
0.26777
0.26802
0.26812
0.2688
0.2688
0.26891
0.269
0.26913
0.26958
0.26963
0.27034
0.27041
0.27046
0.27063
0.27066
0.27075
0.27082
0.27091
0.27092
0.27096
0.27096
0.27101
0.27117
0.27135
0.27154
0.27155
0.27161
0.27161
0.27171
0.27182
0.27219
0.27225
0.2723
0.27235
0.27239
0.27247
0.27251
0.27261
0.27267
0.27282
0.27315
0.27341
0.27349
0.27355
0.27374
0.27388
0.27404
0.27415
0.27419
0.27434
0.27468
0.27475
0.2748
0.27486
0.27519
0.2752
0.27521
0.27541
0.27543
0.27567
0.27569
0.2757
0.27573
0.27578
0.27605
0.27608
0.27612
0.27613
0.27613
0.27614
0.27618
0.27622
0.27623
0.27627
0.27643
0.27649
0.27654
0.27659
0.2767
0.27673
0.27676
0.27679
0.2768
0.27686
0.27689
0.27698
0.27701
0.27701
0.27714
0.2772
0.27737
0.2774
0.27767
0.27789
0.27794
0.27796
0.27806
0.27816
0.27821
0.27838
0.27845
0.27858
0.27859
0.27868
0.27886
0.279
0.27909
0.27924
0.27935
0.27943
0.27953
0.28025
0.28032
0.28052
0.28066
0.28102
0.28106
0.28126
0.28138
0.2814
0.28165
0.28191
0.28195
0.28201
0.28202
0.28203
0.28221
0.28242
0.28255
0.28264
0.28264
0.28274
0.28282
0.28286
0.28292
0.28327
0.28328
0.28342
0.28348
0.28349
0.28353
0.28382
0.28386
0.28393
0.28413
0.28415
0.28427
0.2843
0.28445
0.2845
0.28457
0.28483
0.28488
0.28524
0.28551
0.28552
0.28555
0.28556
0.28559
0.28563
0.28613
0.28624
0.28632
0.28641
0.28641
0.28653
0.28654
0.28654
0.28656
0.28656
0.28676
0.2869
0.28702
0.28722
0.28722
0.28728
0.2873
0.28746
0.28752
0.28768
0.28779
0.2879
0.28803
0.28804
0.28805
0.28815
0.28817
0.28834
0.28844
0.28845
0.2885
0.28851
0.28856
0.28861
0.28861
0.28869
0.28872
0.28875
0.28894
0.28894
0.28897
0.28904
0.28907
0.28923
0.28932
0.28954
0.28957
0.28983
0.28985
0.2899
0.29005
0.29006
0.29008
0.29016
0.29025
0.29053
0.2906
0.29066
0.29095
0.29107
0.2912
0.29124
0.29134
0.29153
0.29167
0.29169
0.29171
0.29182
0.29185
0.29189
0.2919
0.29201
0.29214
0.29231
0.29247
0.2925
0.2926
0.29264
0.29276
0.29284
0.29287
0.293
0.293
0.29304
0.29331
0.29333
0.29362
0.2937
0.29395
0.29398
0.29401
0.29409
0.29419
0.29423
0.29423
0.29429
0.29437
0.29447
0.29447
0.29449
0.29456
0.29464
0.29468
0.29477
0.29477
0.29477
0.29483
0.29508
0.29553
0.29566
0.29567
0.29577
0.29589
0.2959
0.2961
0.29643
0.29644
0.29665
0.29667
0.29667
0.29671
0.29699
0.29702
0.29718
0.29752
0.29784
0.29872
0.29878
0.2988
0.29887
0.2989
0.2989
0.29892
0.29903
0.29906
0.29914
0.29917
0.29924
0.29928
0.29929
0.29936
0.29948
0.2995
0.29955
0.29962
0.30003
0.30004
0.30008
0.30022
0.3004
0.30046
0.30052
0.30053
0.30059
0.30066
0.30086
0.30106
0.30106
0.30118
0.30135
0.30137
0.30139
0.30175
0.30176
0.30193
0.30196
0.30212
0.30223
0.30252
0.30254
0.30293
0.303
0.30306
0.30309
0.30337
0.30342
0.30346
0.30354
0.3036
0.3036
0.30372
0.30379
0.30393
0.30394
0.30395
0.30398
0.30437
0.30471
0.30485
0.30485
0.30491
0.30513
0.30526
0.30543
0.3055
0.3056
0.30567
0.30586
0.30591
0.30595
0.30606
0.30611
0.30618
0.30622
0.30641
0.30641
0.30685
0.30699
0.30705
0.30722
0.30735
0.30739
0.30741
0.30748
0.30748
0.3076
0.30762
0.30769
0.30771
0.30775
0.30778
0.30791
0.30791
0.30804
0.30807
0.30819
0.30854
0.30877
0.30882
0.30891
0.309
0.30908
0.30918
0.30925
0.30932
0.30934
0.30935
0.30946
0.30961
0.30965
0.30974
0.30977
0.30981
0.30984
0.30984
0.30988
0.30997
0.31
0.31
0.31024
0.31026
0.31026
0.31049
0.31055
0.31058
0.3106
0.31074
0.31081
0.31086
0.31089
0.31099
0.31113
0.31115
0.31126
0.31128
0.31139
0.31147
0.31185
0.312
0.31208
0.31228
0.31229
0.31261
0.31265
0.31268
0.31273
0.31274
0.3129
0.31293
0.31294
0.31303
0.31317
0.31345
0.3135
0.31376
0.31382
0.31386
0.31392
0.31394
0.3141
0.31415
0.31418
0.31428
0.31432
0.31446
0.31454
0.31469
0.31474
0.31478
0.31482
0.31497
0.3152
0.31528
0.31562
0.31574
0.31582
0.31583
0.31586
0.31588
0.3159
0.31591
0.31607
0.31613
0.31617
0.31656
0.31677
0.31679
0.31701
0.31719
0.3173
0.31732
0.31738
0.31741
0.31742
0.31754
0.31758
0.31758
0.31766
0.31769
0.31775
0.3178
0.3178
0.31797
0.31826
0.31834
0.31834
0.31837
0.31841
0.31843
0.3186
0.3186
0.31862
0.31878
0.31896
0.31913
0.31924
0.3193
0.31949
0.31955
0.31967
0.31993
0.32008
0.32012
0.3203
0.32036
0.32038
0.3205
0.32064
0.32097
0.321
0.32108
0.32127
0.32127
0.3213
0.32154
0.32159
0.32172
0.32178
0.32181
0.32191
0.32199
0.322
0.32205
0.32212
0.32217
0.3222
0.32221
0.3223
0.32232
0.32247
0.32256
0.3226
0.32267
0.32272
0.32272
0.323
0.32305
0.32307
0.32311
0.32322
0.32327
0.32339
0.3235
0.32373
0.32376
0.32379
0.32379
0.32381
0.32419
0.32423
0.32424
0.3243
0.32455
0.32456
0.32467
0.32473
0.32487
0.3249
0.32493
0.32504
0.32508
0.32523
0.32531
0.32535
0.32557
0.32583
0.32583
0.32594
0.32599
0.32603
0.32607
0.32611
0.32624
0.32642
0.32644
0.32646
0.32652
0.32675
0.32699
0.32754
0.32768
0.32769
0.32772
0.32774
0.32775
0.3278
0.32785
0.32796
0.328
0.32806
0.32813
0.32829
0.3284
0.32855
0.32862
0.32869
0.32873
0.32886
0.32902
0.32914
0.32935
0.32951
0.32956
0.32957
0.32962
0.3297
0.32986
0.33022
0.33023
0.33028
0.33037
0.33047
0.33048
0.33053
0.33068
0.33069
0.33077
0.33095
0.33112
0.33138
0.33141
0.33141
0.33169
0.33176
0.33191
0.33207
0.33211
0.33213
0.33215
0.33216
0.33219
0.33236
0.33237
0.33247
0.33247
0.3325
0.33279
0.33286
0.33301
0.33303
0.33324
0.33326
0.33334
0.3334
0.33351
0.33352
0.3336
0.33368
0.33368
0.33376
0.33377
0.33399
0.334
0.33404
0.33405
0.3343
0.33448
0.33452
0.33452
0.33465
0.3347
0.33471
0.33503
0.33505
0.33525
0.33556
0.3356
0.33566
0.33604
0.33613
0.3364
0.3366
0.33676
0.33695
0.33718
0.33739
0.3374
0.33747
0.33755
0.33767
0.3377
0.33796
0.33797
0.338
0.33805
0.33816
0.33829
0.3384
0.33844
0.33865
0.33886
0.33893
0.33903
0.33932
0.33935
0.33959
0.3396
0.33969
0.33989
0.33992
0.34034
0.34047
0.34049
0.3405
0.34057
0.34089
0.34116
0.34119
0.3414
0.34147
0.34148
0.34149
0.3416
0.34162
0.34162
0.34184
0.34194
0.34214
0.34233
0.34248
0.34256
0.34266
0.34274
0.34298
0.34313
0.34315
0.34324
0.34325
0.34348
0.34351
0.34366
0.34372
0.3438
0.34392
0.34398
0.34409
0.34409
0.34414
0.34422
0.34467
0.34475
0.34497
0.34503
0.34506
0.34512
0.34521
0.34527
0.34532
0.34532
0.34556
0.34556
0.34561
0.34563
0.34569
0.34604
0.34611
0.34612
0.34645
0.34657
0.3467
0.34671
0.3468
0.34692
0.34712
0.34714
0.34728
0.34749
0.34766
0.34768
0.34778
0.34779
0.34794
0.34796
0.348
0.34817
0.34819
0.34822
0.34832
0.34849
0.34855
0.34877
0.34892
0.34905
0.34942
0.34976
0.34987
0.34989
0.34993
0.34997
0.35003
0.35004
0.3501
0.3504
0.35041
0.35042
0.35042
0.35043
0.3509
0.35094
0.35112
0.35113
0.35116
0.35117
0.35125
0.35126
0.35139
0.35144
0.35158
0.35163
0.35198
0.35203
0.35219
0.35221
0.35239
0.35251
0.35251
0.3526
0.35266
0.3527
0.35274
0.35275
0.3528
0.35281
0.35287
0.35297
0.3531
0.35313
0.3534
0.35352
0.35364
0.35369
0.35383
0.35386
0.35395
0.35398
0.35401
0.35403
0.35405
0.35409
0.35414
0.35415
0.35429
0.35442
0.35448
0.35458
0.35458
0.35468
0.35481
0.35484
0.35487
0.35492
0.35499
0.35541
0.35547
0.35547
0.35551
0.35555
0.35612
0.35636
0.35638
0.35644
0.35655
0.35661
0.35672
0.35687
0.35694
0.35717
0.3572
0.35739
0.35756
0.35777
0.35783
0.35796
0.35802
0.3582
0.35823
0.35895
0.35898
0.35916
0.35927
0.3594
0.35963
0.35965
0.35967
0.35968
0.35979
0.35983
0.35986
0.35988
0.36009
0.36014
0.36018
0.36022
0.36028
0.36032
0.36032
0.36052
0.36071
0.36088
0.3609
0.36092
0.36093
0.361
0.36103
0.36117
0.36118
0.36137
0.36169
0.3619
0.36195
0.36201
0.36224
0.36225
0.36228
0.36254
0.36268
0.36285
0.363
0.36306
0.36326
0.3633
0.36336
0.36342
0.36345
0.36346
0.36348
0.36361
0.36362
0.36383
0.36386
0.36387
0.3642
0.36424
0.36427
0.36429
0.36435
0.36439
0.36455
0.36491
0.36492
0.36498
0.36501
0.36501
0.36522
0.36527
0.36528
0.3653
0.36544
0.3656
0.36564
0.36587
0.36648
0.36661
0.36676
0.3668
0.36694
0.36702
0.36704
0.36719
0.36719
0.36729
0.36729
0.36732
0.36742
0.36748
0.36759
0.36759
0.36782
0.36786
0.36786
0.36793
0.36805
0.3681
0.3682
0.3682
0.36826
0.36862
0.36871
0.36881
0.36883
0.36897
0.36898
0.36936
0.36939
0.3696
0.36966
0.3699
0.36997
0.37016
0.37031
0.37057
0.3706
0.37063
0.37068
0.37082
0.37083
0.37084
0.37093
0.37094
0.37098
0.3711
0.37114
0.37114
0.3712
0.37125
0.37131
0.37155
0.37166
0.37166
0.37174
0.37175
0.37176
0.37182
0.37182
0.37187
0.37191
0.37193
0.37199
0.37199
0.37208
0.37209
0.37248
0.37257
0.373
0.37301
0.37302
0.37309
0.37311
0.37322
0.37327
0.37336
0.37336
0.37341
0.37348
0.37353
0.37393
0.37401
0.37404
0.37404
0.37424
0.37443
0.37466
0.37468
0.37469
0.37477
0.37483
0.37486
0.37491
0.37497
0.37498
0.37498
0.37526
0.37535
0.37564
0.37564
0.37569
0.37574
0.37607
0.37636
0.37642
0.37656
0.3766
0.37667
0.37684
0.37697
0.37698
0.37699
0.37703
0.37718
0.37726
0.3774
0.3775
0.37784
0.37791
0.37797
0.37801
0.37807
0.3781
0.37826
0.37832
0.37851
0.37857
0.37857
0.37867
0.37872
0.37876
0.37877
0.379
0.37906
0.37906
0.37911
0.37922
0.37924
0.37924
0.37951
0.37952
0.37953
0.37969
0.3797
0.37975
0.37992
0.37997
0.37999
0.38024
0.3803
0.38036
0.3804
0.38048
0.38074
0.38087
0.38097
0.38114
0.38121
0.38148
0.38157
0.38157
0.38161
0.3817
0.3818
0.38181
0.3819
0.38193
0.38195
0.38204
0.38219
0.38221
0.38225
0.38226
0.38243
0.38252
0.38254
0.38276
0.38296
0.38335
0.38351
0.38382
0.38393
0.38408
0.38412
0.38417
0.38429
0.38431
0.38431
0.38431
0.3845
0.38454
0.3846
0.38471
0.3848
0.38486
0.38492
0.38495
0.38502
0.38507
0.3853
0.38536
0.38558
0.38584
0.38587
0.38589
0.38606
0.38608
0.38617
0.38625
0.38639
0.38643
0.38653
0.38661
0.38673
0.3868
0.38681
0.38688
0.38708
0.38711
0.38711
0.38716
0.3872
0.38723
0.38724
0.38732
0.38732
0.38739
0.38773
0.38774
0.38775
0.38793
0.38799
0.38803
0.3887
0.38879
0.38883
0.38886
0.38899
0.38901
0.38903
0.38916
0.3892
0.3892
0.3893
0.38933
0.38957
0.38959
0.38982
0.38993
0.38996
0.39006
0.39018
0.39039
0.39056
0.39065
0.39071
0.39076
0.39101
0.39101
0.39108
0.39109
0.39113
0.39133
0.39134
0.39156
0.39159
0.39164
0.39165
0.39188
0.39189
0.39259
0.39271
0.39274
0.39274
0.39291
0.39293
0.39333
0.39334
0.39345
0.39345
0.39348
0.39351
0.39366
0.39378
0.39396
0.39404
0.39433
0.3944
0.39446
0.39457
0.39521
0.39528
0.39534
0.39536
0.39541
0.39554
0.39557
0.39557
0.39571
0.39586
0.39602
0.39603
0.39619
0.3962
0.39626
0.39654
0.39663
0.39678
0.39679
0.39681
0.39685
0.39707
0.39711
0.39722
0.39725
0.39729
0.39733
0.39738
0.39752
0.39764
0.39767
0.39768
0.39773
0.39776
0.39793
0.39809
0.39824
0.39828
0.39837
0.39841
0.39871
0.39888
0.39888
0.39891
0.39892
0.39893
0.39907
0.39956
0.39957
0.39958
0.39991
0.40006
0.40025
0.40027
0.40035
0.40037
0.40045
0.4005
0.40058
0.4007
0.40076
0.40097
0.40104
0.40118
0.4012
0.40148
0.40159
0.40162
0.40172
0.4018
0.40208
0.40234
0.40238
0.4024
0.40243
0.40245
0.40255
0.40257
0.40259
0.40263
0.40265
0.40275
0.4028
0.40283
0.40287
0.40288
0.40295
0.40299
0.40303
0.40307
0.40314
0.40331
0.40334
0.40339
0.40345
0.40345
0.40366
0.40374
0.4039
0.40393
0.40395
0.40396
0.40397
0.40398
0.40408
0.40411
0.40426
0.40432
0.40433
0.40439
0.4044
0.40445
0.40445
0.40446
0.40447
0.40448
0.40448
0.40456
0.40457
0.4046
0.40461
0.40465
0.40473
0.40476
0.40492
0.40495
0.40501
0.40502
0.40538
0.40544
0.40554
0.40556
0.40587
0.40594
0.40597
0.40598
0.40601
0.40603
0.40629
0.4063
0.40633
0.4064
0.40644
0.40654
0.40663
0.40687
0.40712
0.4072
0.40722
0.40724
0.40732
0.40732
0.40746
0.40759
0.40762
0.40763
0.40769
0.40791
0.40796
0.40815
0.40858
0.40861
0.40869
0.40877
0.40895
0.40896
0.40897
0.40921
0.40927
0.40933
0.40933
0.40961
0.40968
0.40981
0.40989
0.41003
0.41005
0.41016
0.41026
0.41031
0.41044
0.41049
0.41054
0.41059
0.41067
0.41073
0.41105
0.41114
0.41116
0.41133
0.41147
0.41168
0.41168
0.41172
0.41181
0.41188
0.41196
0.41199
0.41202
0.41206
0.41226
0.41231
0.41244
0.41256
0.41269
0.41293
0.41319
0.41322
0.41324
0.4133
0.41341
0.4135
0.41371
0.41383
0.4139
0.41391
0.41408
0.41422
0.4143
0.41433
0.41439
0.41443
0.41443
0.41467
0.41485
0.41522
0.41523
0.41529
0.41548
0.41564
0.41574
0.41576
0.41599
0.41601
0.41604
0.41616
0.41629
0.41644
0.41651
0.41652
0.41662
0.41671
0.41674
0.41691
0.41692
0.41709
0.41739
0.41762
0.41776
0.41789
0.4179
0.41803
0.41814
0.41852
0.41857
0.41859
0.41879
0.41887
0.41889
0.41896
0.419
0.4191
0.41954
0.41962
0.41964
0.41965
0.41977
0.41985
0.41991
0.41992
0.42016
0.42022
0.42027
0.42032
0.42033
0.42036
0.42037
0.42038
0.42044
0.42065
0.42078
0.4208
0.42084
0.42087
0.42098
0.42106
0.42119
0.42155
0.4216
0.42163
0.42208
0.42208
0.42232
0.42241
0.42244
0.42303
0.42319
0.42325
0.42354
0.42364
0.42379
0.42381
0.42419
0.42419
0.4242
0.4242
0.42439
0.42444
0.42455
0.42465
0.42473
0.42485
0.42486
0.42487
0.42491
0.42517
0.42519
0.4256
0.42562
0.42571
0.42573
0.42582
0.42586
0.42611
0.42613
0.42629
0.42637
0.4264
0.4264
0.4264
0.42645
0.42655
0.42705
0.42705
0.42733
0.4278
0.42798
0.42813
0.42815
0.42822
0.42852
0.42857
0.42861
0.42865
0.42867
0.42875
0.42892
0.429
0.42904
0.42917
0.4296
0.42964
0.42973
0.42987
0.42993
0.42994
0.42995
0.43007
0.43018
0.43025
0.43044
0.43057
0.43093
0.43096
0.43127
0.43129
0.43138
0.43138
0.4314
0.4315
0.43162
0.4318
0.43185
0.43186
0.43203
0.43204
0.43206
0.43217
0.43231
0.43233
0.43238
0.43242
0.43242
0.43245
0.4326
0.43267
0.4327
0.43285
0.43285
0.43288
0.43302
0.43303
0.43309
0.43316
0.43318
0.43328
0.43333
0.4334
0.43342
0.43343
0.43353
0.43368
0.43369
0.43371
0.43382
0.43397
0.43429
0.43433
0.43438
0.43447
0.43455
0.43468
0.43469
0.43474
0.43478
0.4348
0.43541
0.43545
0.43559
0.43591
0.43602
0.43608
0.43614
0.43648
0.43688
0.43692
0.43693
0.43702
0.43712
0.43726
0.43736
0.43743
0.43752
0.43756
0.43773
0.43788
0.43808
0.43833
0.43849
0.43865
0.43866
0.43874
0.43884
0.43899
0.43914
0.43927
0.43937
0.43939
0.43947
0.43949
0.43991
0.43997
0.44002
0.44006
0.44008
0.44009
0.44021
0.44036
0.44037
0.44041
0.44057
0.44083
0.44089
0.44096
0.44109
0.44114
0.44121
0.44124
0.44139
0.44158
0.44166
0.44167
0.44167
0.4422
0.44228
0.44228
0.44237
0.44271
0.44275
0.4428
0.4429
0.4429
0.44292
0.44319
0.44319
0.4432
0.44324
0.44342
0.44343
0.44351
0.44369
0.44372
0.44375
0.44376
0.44389
0.44391
0.44437
0.44444
0.44454
0.44472
0.44483
0.44491
0.44524
0.44544
0.44552
0.44564
0.44575
0.44576
0.44577
0.44625
0.44638
0.44651
0.44666
0.44688
0.44701
0.44711
0.44746
0.44756
0.44757
0.44769
0.44784
0.44787
0.4479
0.44809
0.44817
0.44832
0.44833
0.44875
0.44892
0.44905
0.44915
0.4492
0.44922
0.44924
0.44924
0.44933
0.4494
0.44949
0.44959
0.44967
0.44971
0.44972
0.44978
0.44985
0.44986
0.44988
0.44993
0.44994
0.44998
0.45032
0.45034
0.45044
0.45047
0.45047
0.45066
0.45075
0.45106
0.45107
0.45111
0.45147
0.45148
0.45153
0.45154
0.45174
0.45176
0.45199
0.45204
0.45208
0.45221
0.45221
0.45243
0.45267
0.45286
0.45291
0.45297
0.45299
0.45301
0.45315
0.45317
0.45319
0.45335
0.45365
0.45378
0.45384
0.45386
0.45387
0.45389
0.45401
0.45406
0.4541
0.45437
0.45438
0.45446
0.45482
0.455
0.45505
0.45521
0.45527
0.45539
0.45566
0.45575
0.45576
0.45588
0.45615
0.45623
0.45624
0.45634
0.45635
0.4564
0.45647
0.45653
0.45663
0.45673
0.45683
0.45686
0.45694
0.45715
0.4572
0.45762
0.45766
0.45783
0.45785
0.45794
0.45799
0.45804
0.45805
0.45813
0.45832
0.45832
0.45862
0.45876
0.45883
0.45896
0.45897
0.45905
0.45906
0.45913
0.4592
0.45936
0.45953
0.45953
0.45972
0.45977
0.45984
0.45985
0.4599
0.46001
0.46017
0.46021
0.46039
0.46039
0.4604
0.46043
0.46072
0.46081
0.4609
0.46102
0.4611
0.46136
0.46151
0.46159
0.4616
0.46164
0.46167
0.46169
0.46176
0.4618
0.4621
0.46216
0.46217
0.4622
0.46222
0.46247
0.4626
0.46264
0.46265
0.46268
0.46273
0.46277
0.4628
0.46298
0.46302
0.46337
0.46368
0.46375
0.4638
0.46429
0.46439
0.46443
0.46447
0.4645
0.46465
0.46475
0.46478
0.46486
0.46522
0.46523
0.46535
0.46542
0.46564
0.46572
0.46575
0.46586
0.4659
0.46614
0.46614
0.46637
0.46674
0.46674
0.46675
0.46686
0.46691
0.46697
0.46705
0.46718
0.46726
0.46746
0.4675
0.46769
0.46782
0.46782
0.4679
0.46798
0.46824
0.46851
0.46858
0.4687
0.46882
0.46884
0.46893
0.46903
0.46906
0.46908
0.46951
0.46954
0.46954
0.46957
0.46972
0.46974
0.46977
0.46985
0.46994
0.47025
0.47029
0.47042
0.47053
0.47058
0.47069
0.47072
0.47082
0.47086
0.47097
0.4711
0.47112
0.47128
0.47163
0.47164
0.47213
0.47216
0.4722
0.47227
0.4724
0.47267
0.47272
0.47311
0.47318
0.47326
0.47328
0.47329
0.47335
0.47366
0.47369
0.47374
0.47374
0.47377
0.47385
0.47396
0.47405
0.47407
0.47408
0.47426
0.47427
0.47467
0.47477
0.47485
0.475
0.47504
0.47506
0.47529
0.47529
0.47557
0.47573
0.47581
0.47585
0.47585
0.47591
0.47609
0.47619
0.47631
0.47632
0.47654
0.47665
0.47671
0.47675
0.47682
0.47691
0.47695
0.47696
0.47714
0.47716
0.47718
0.4772
0.47722
0.47732
0.47744
0.47754
0.47767
0.47771
0.47797
0.47808
0.47819
0.47856
0.47873
0.47881
0.47908
0.47911
0.47925
0.47928
0.47936
0.47953
0.47956
0.47971
0.47984
0.47989
0.47995
0.47999
0.48003
0.48005
0.48014
0.48032
0.48034
0.4805
0.48051
0.48051
0.48056
0.48059
0.48061
0.48062
0.48068
0.48084
0.48088
0.48093
0.48103
0.48111
0.48113
0.48115
0.48124
0.48128
0.48136
0.48148
0.48148
0.48168
0.48172
0.48177
0.48185
0.48193
0.48205
0.48214
0.48216
0.48219
0.4824
0.4824
0.48246
0.48258
0.48263
0.48281
0.48284
0.4832
0.4833
0.48353
0.4837
0.48371
0.48382
0.48391
0.48395
0.48402
0.48415
0.48423
0.48424
0.48435
0.48474
0.48491
0.48506
0.48526
0.48532
0.48541
0.4855
0.48556
0.48587
0.48591
0.48604
0.48605
0.48607
0.48608
0.4861
0.48614
0.48619
0.48619
0.48625
0.48639
0.48642
0.48647
0.48664
0.48684
0.48687
0.48712
0.48721
0.48732
0.48736
0.48737
0.48738
0.48749
0.4876
0.48762
0.48772
0.48783
0.48784
0.48794
0.48806
0.48808
0.48813
0.48821
0.48828
0.48847
0.48847
0.48854
0.48857
0.48875
0.48902
0.48904
0.48939
0.48961
0.48987
0.49005
0.4902
0.4902
0.49026
0.49033
0.49041
0.49052
0.49056
0.49056
0.49067
0.49068
0.49077
0.49085
0.49085
0.49127
0.49132
0.49132
0.49153
0.49163
0.49169
0.49186
0.492
0.49206
0.49208
0.49209
0.49215
0.49217
0.49226
0.49228
0.49238
0.49247
0.49248
0.4925
0.49266
0.49287
0.49288
0.4929
0.49291
0.49294
0.49323
0.49363
0.49376
0.49382
0.49395
0.49412
0.49414
0.49424
0.49424
0.49428
0.49435
0.49504
0.49505
0.49507
0.49518
0.49525
0.49529
0.4953
0.49547
0.49551
0.49558
0.49579
0.49588
0.49593
0.496
0.49622
0.49642
0.49644
0.49648
0.4965
0.49672
0.49687
0.49695
0.49697
0.497
0.49706
0.49717
0.4972
0.49739
0.49739
0.49742
0.4975
0.49753
0.49754
0.49762
0.49779
0.4978
0.49781
0.49783
0.49786
0.49799
0.49812
0.49814
0.49824
0.49834
0.49838
0.49841
0.49858
0.49864
0.49871
0.49874
0.49882
0.49889
0.49899
0.499
0.49902
0.49932
0.49933
0.49935
0.49955
0.49958
0.49963
0.49974
0.49986
0.49998
0.50005
0.5001
0.50012
0.5002
0.50031
0.50038
0.50039
0.50053
0.50067
0.50082
0.50083
0.50091
0.50098
0.50112
0.50124
0.50165
0.50174
0.50186
0.50197
0.50245
0.50251
0.50258
0.50313
0.50314
0.50321
0.50337
0.5035
0.5035
0.50352
0.50368
0.50373
0.50377
0.50393
0.50396
0.50399
0.504
0.50441
0.50458
0.50469
0.50476
0.50491
0.50499
0.50506
0.50509
0.50532
0.50535
0.50556
0.50565
0.50569
0.50572
0.50574
0.50581
0.50584
0.50587
0.50596
0.50611
0.50627
0.50629
0.50636
0.50638
0.50647
0.50649
0.50659
0.50661
0.50677
0.50679
0.5068
0.50681
0.50703
0.50704
0.50732
0.50771
0.50776
0.50783
0.50784
0.50793
0.50798
0.508
0.50804
0.50824
0.50833
0.50839
0.50845
0.50847
0.50853
0.50855
0.5086
0.50863
0.50875
0.50876
0.50895
0.50896
0.509
0.50923
0.50926
0.50931
0.50935
0.50942
0.5095
0.50951
0.50961
0.50988
0.50995
0.51015
0.51019
0.51023
0.51025
0.51065
0.51066
0.51083
0.51084
0.51092
0.51097
0.51116
0.51119
0.51121
0.51134
0.51135
0.51141
0.51141
0.51172
0.51172
0.51195
0.51201
0.51211
0.51225
0.51235
0.51257
0.51274
0.51295
0.51298
0.51302
0.5132
0.5134
0.5134
0.51345
0.51353
0.51355
0.51369
0.51378
0.51381
0.5139
0.51393
0.51401
0.51405
0.51415
0.51435
0.51443
0.51461
0.51473
0.51474
0.5148
0.51501
0.51517
0.51534
0.51557
0.51567
0.5159
0.51591
0.51596
0.51597
0.51598
0.51606
0.51622
0.51625
0.5164
0.51646
0.51649
0.51668
0.51681
0.51687
0.51688
0.51693
0.51701
0.5172
0.51727
0.51732
0.51743
0.51745
0.51751
0.51757
0.51782
0.51806
0.51809
0.51839
0.51864
0.51867
0.51887
0.51899
0.51907
0.51912
0.51945
0.51959
0.5196
0.51963
0.51977
0.51977
0.51992
0.51996
0.51998
0.52013
0.52019
0.5203
0.52032
0.52041
0.52048
0.52053
0.52055
0.52061
0.52072
0.52079
0.52081
0.52089
0.52091
0.52108
0.52115
0.52121
0.52149
0.52149
0.52166
0.52186
0.52187
0.52188
0.52194
0.52194
0.52197
0.52202
0.52207
0.52216
0.52227
0.5224
0.52258
0.52271
0.52274
0.52284
0.52287
0.52303
0.52318
0.52345
0.52347
0.52352
0.52367
0.52392
0.52406
0.52418
0.52444
0.52447
0.52452
0.52458
0.52472
0.5248
0.52485
0.5249
0.52495
0.52499
0.52506
0.52507
0.52515
0.52522
0.52528
0.52533
0.52551
0.52563
0.52572
0.52591
0.52592
0.52595
0.52604
0.52606
0.52623
0.52635
0.52646
0.52654
0.52663
0.52679
0.52684
0.52685
0.52686
0.5269
0.52692
0.52693
0.52698
0.52707
0.52737
0.52762
0.52773
0.52782
0.52798
0.52809
0.5281
0.52825
0.52829
0.52841
0.52842
0.52844
0.5286
0.52868
0.52873
0.52898
0.52912
0.52928
0.52971
0.52974
0.52982
0.52983
0.52984
0.52986
0.52999
0.53041
0.53059
0.53064
0.53074
0.53093
0.53102
0.53103
0.53105
0.53108
0.53125
0.53129
0.5315
0.5317
0.53175
0.5318
0.53183
0.53194
0.53203
0.53208
0.53223
0.53227
0.53252
0.53269
0.53272
0.53277
0.53277
0.53278
0.53294
0.53295
0.53299
0.53308
0.53311
0.53326
0.53327
0.53342
0.53361
0.53364
0.53371
0.53413
0.53438
0.53447
0.53459
0.53462
0.53474
0.53477
0.53492
0.53504
0.53506
0.53515
0.53539
0.53541
0.53544
0.53553
0.53561
0.53563
0.53575
0.53575
0.53592
0.53597
0.53602
0.53635
0.53644
0.53662
0.53684
0.53702
0.53728
0.53737
0.53757
0.53759
0.53762
0.53777
0.53782
0.5379
0.53792
0.53792
0.53797
0.538
0.53827
0.53833
0.53835
0.53857
0.5386
0.53874
0.53878
0.53892
0.53896
0.53898
0.539
0.53905
0.53906
0.53911
0.53913
0.53913
0.5394
0.53944
0.53963
0.53966
0.53976
0.53984
0.5399
0.54006
0.5402
0.54028
0.54053
0.54055
0.54081
0.54091
0.54093
0.54104
0.54105
0.54113
0.54114
0.54115
0.54118
0.54131
0.54133
0.54137
0.54173
0.54173
0.54183
0.54194
0.54205
0.54208
0.54223
0.54225
0.54227
0.54244
0.54269
0.54278
0.54291
0.5431
0.54319
0.54322
0.54326
0.54344
0.54344
0.54357
0.54387
0.54395
0.54396
0.54411
0.54431
0.54446
0.54451
0.54455
0.54462
0.54468
0.54473
0.54478
0.54481
0.54487
0.54507
0.5452
0.54547
0.54552
0.54559
0.54566
0.54567
0.54568
0.54598
0.54612
0.54624
0.54627
0.54637
0.54662
0.54676
0.5468
0.54687
0.54691
0.54703
0.54717
0.54751
0.54753
0.54758
0.54758
0.54764
0.54768
0.54772
0.54775
0.5478
0.54781
0.54821
0.54821
0.5488
0.54881
0.54899
0.54903
0.54915
0.54923
0.54928
0.54935
0.54963
0.54988
0.54997
0.54998
0.55002
0.55016
0.55018
0.55036
0.55052
0.55054
0.55055
0.55062
0.55069
0.55077
0.55085
0.55086
0.55097
0.55098
0.55104
0.5513
0.55133
0.55142
0.5515
0.55163
0.55171
0.55209
0.55211
0.55213
0.55239
0.55243
0.55254
0.5528
0.55281
0.55281
0.55283
0.55284
0.55285
0.55296
0.55338
0.55378
0.55397
0.55417
0.55455
0.55466
0.55467
0.55482
0.55484
0.55494
0.55499
0.55552
0.55578
0.55584
0.55587
0.55596
0.55608
0.55617
0.55618
0.5565
0.55672
0.55683
0.55692
0.55708
0.55722
0.55725
0.55743
0.55753
0.55765
0.55773
0.55802
0.55811
0.55811
0.55826
0.55838
0.55873
0.55874
0.55915
0.5597
0.55988
0.55994
0.55997
0.56006
0.56008
0.56016
0.56043
0.56061
0.56077
0.56077
0.56089
0.561
0.56101
0.5611
0.5613
0.56146
0.56147
0.5616
0.56164
0.56165
0.56176
0.56178
0.56182
0.56189
0.56213
0.56217
0.5622
0.5623
0.56237
0.56282
0.56318
0.56318
0.56322
0.56326
0.56326
0.56326
0.56332
0.56339
0.56355
0.56369
0.56369
0.56391
0.56423
0.56448
0.56454
0.56459
0.56464
0.56474
0.56476
0.56487
0.56488
0.56491
0.56505
0.56512
0.56523
0.56528
0.56533
0.56549
0.56555
0.56556
0.5658
0.56582
0.56617
0.56623
0.56638
0.56652
0.56653
0.56692
0.56717
0.56733
0.56746
0.56771
0.56815
0.56821
0.5683
0.56855
0.56865
0.56865
0.56881
0.56885
0.56887
0.56894
0.5691
0.56916
0.56916
0.56937
0.56937
0.56943
0.56963
0.56966
0.56982
0.56986
0.56998
0.57028
0.57029
0.57032
0.57041
0.57042
0.57046
0.57046
0.57058
0.57082
0.57085
0.5709
0.57092
0.57099
0.57114
0.57115
0.57131
0.57146
0.57146
0.5715
0.57154
0.57154
0.57157
0.5717
0.57177
0.57197
0.57235
0.57239
0.57258
0.57269
0.57313
0.57327
0.57352
0.57356
0.57362
0.57366
0.57372
0.57388
0.57391
0.57395
0.57396
0.57416
0.57423
0.57434
0.57436
0.57472
0.57505
0.57511
0.57513
0.57515
0.57526
0.57528
0.57537
0.57537
0.57548
0.57557
0.57582
0.57584
0.57599
0.576
0.57627
0.57639
0.57654
0.57662
0.57665
0.57674
0.57684
0.57699
0.57718
0.57718
0.57726
0.57735
0.5775
0.57751
0.57751
0.57763
0.57765
0.57766
0.57769
0.57771
0.57786
0.5782
0.57836
0.57838
0.57871
0.57873
0.57888
0.57891
0.57896
0.57899
0.5792
0.57928
0.57942
0.57946
0.57948
0.57949
0.57952
0.57964
0.57964
0.57965
0.57969
0.57971
0.57978
0.57985
0.58014
0.58021
0.58026
0.5803
0.58054
0.58054
0.58058
0.58062
0.5807
0.5807
0.58077
0.58078
0.5808
0.58101
0.58109
0.58124
0.58143
0.58146
0.58158
0.58168
0.58173
0.58182
0.58186
0.5819
0.58205
0.58231
0.58238
0.58238
0.58251
0.58257
0.58261
0.58269
0.58272
0.58293
0.58297
0.58308
0.58325
0.58335
0.58377
0.58377
0.58385
0.58391
0.58421
0.58431
0.58443
0.58447
0.58452
0.58455
0.58459
0.5846
0.58468
0.58503
0.58524
0.58557
0.5856
0.58586
0.58588
0.58603
0.58604
0.58604
0.58621
0.58626
0.58634
0.58664
0.58665
0.58668
0.58681
0.58685
0.58694
0.58725
0.58732
0.58736
0.58759
0.5876
0.58763
0.58768
0.58773
0.58778
0.58804
0.58805
0.58811
0.58814
0.58818
0.58825
0.58832
0.58846
0.58859
0.58862
0.58869
0.58877
0.58882
0.58885
0.58886
0.58897
0.58899
0.58915
0.58931
0.58936
0.5894
0.58951
0.58953
0.58967
0.58971
0.58973
0.58973
0.58975
0.58978
0.58978
0.58985
0.58997
0.59011
0.5902
0.59027
0.59034
0.59041
0.59075
0.59097
0.59121
0.59126
0.59163
0.59176
0.59177
0.59196
0.59212
0.59215
0.59246
0.59266
0.59281
0.59319
0.59323
0.59325
0.59341
0.59343
0.59355
0.59364
0.59388
0.59412
0.5942
0.5942
0.59434
0.59444
0.59447
0.59454
0.59468
0.59485
0.59494
0.59505
0.59505
0.59527
0.59543
0.5955
0.5957
0.59572
0.59579
0.59586
0.59587
0.59598
0.59608
0.59626
0.59628
0.59649
0.59653
0.59695
0.59696
0.59698
0.59701
0.59707
0.59712
0.59723
0.59733
0.59751
0.59775
0.59822
0.59836
0.59846
0.59847
0.59853
0.59857
0.59947
0.59958
0.59993
0.60003
0.60011
0.60012
0.60021
0.60052
0.60106
0.60115
0.60125
0.60136
0.6014
0.60152
0.60155
0.60157
0.60159
0.60163
0.60172
0.60184
0.60185
0.60191
0.60193
0.60204
0.60211
0.60232
0.60252
0.6029
0.60312
0.60327
0.60336
0.60344
0.60369
0.6037
0.60372
0.60392
0.60405
0.6041
0.60436
0.60439
0.60456
0.60468
0.60481
0.60498
0.6051
0.60511
0.60518
0.60523
0.60529
0.60537
0.6054
0.60544
0.60547
0.60558
0.6056
0.60571
0.60583
0.60612
0.60625
0.6065
0.60655
0.60657
0.60662
0.60669
0.60676
0.60684
0.60705
0.60748
0.60756
0.60763
0.60766
0.60774
0.60801
0.60811
0.60835
0.60843
0.60844
0.60856
0.60866
0.60875
0.6088
0.60881
0.60884
0.60892
0.60906
0.60915
0.60919
0.60927
0.60939
0.60968
0.60978
0.60978
0.60994
0.61006
0.61018
0.61025
0.61031
0.61057
0.61064
0.61071
0.6109
0.61122
0.6113
0.61135
0.61158
0.61161
0.61169
0.61176
0.6118
0.6119
0.61201
0.61204
0.61205
0.61218
0.61223
0.61225
0.61241
0.61243
0.61249
0.6126
0.6128
0.61286
0.61293
0.61295
0.61296
0.61308
0.61324
0.61356
0.61361
0.61364
0.61375
0.61379
0.61379
0.61385
0.61396
0.61397
0.61411
0.61412
0.61421
0.61426
0.61447
0.61463
0.61466
0.61468
0.61474
0.61485
0.61495
0.61502
0.61509
0.6151
0.61523
0.61544
0.61547
0.61552
0.61567
0.61568
0.61574
0.6158
0.61602
0.6161
0.61613
0.61618
0.61619
0.61623
0.61637
0.61637
0.61648
0.61654
0.61655
0.61674
0.61698
0.61702
0.61702
0.6172
0.6173
0.61746
0.61749
0.61755
0.61759
0.61772
0.61778
0.61785
0.61812
0.61823
0.61824
0.61834
0.61843
0.61846
0.61849
0.61862
0.61865
0.61866
0.61889
0.61909
0.61932
0.61936
0.61946
0.6195
0.61958
0.61972
0.61981
0.61983
0.62023
0.62059
0.62066
0.62078
0.62093
0.62104
0.62119
0.62122
0.62127
0.6213
0.62137
0.62143
0.62152
0.62175
0.62177
0.62177
0.62181
0.62181
0.62223
0.6224
0.62245
0.6226
0.62264
0.62266
0.62323
0.62331
0.62334
0.62344
0.62346
0.6235
0.62356
0.62362
0.62364
0.62382
0.62399
0.62415
0.62418
0.62424
0.62432
0.62446
0.62477
0.62532
0.62533
0.6254
0.62568
0.62572
0.62577
0.62589
0.62591
0.62613
0.62656
0.62657
0.62675
0.62684
0.62728
0.62729
0.6276
0.62776
0.62783
0.6279
0.62803
0.62812
0.62817
0.62821
0.62825
0.62825
0.62832
0.62844
0.62848
0.62851
0.62863
0.62873
0.62877
0.62892
0.62901
0.62906
0.62924
0.62931
0.62932
0.62937
0.62954
0.62964
0.6297
0.62975
0.62978
0.62993
0.62996
0.63007
0.63012
0.63015
0.63028
0.63029
0.63036
0.63047
0.63047
0.63082
0.63086
0.63086
0.63088
0.63099
0.63106
0.63109
0.63115
0.63125
0.63126
0.63128
0.6313
0.63143
0.63152
0.63174
0.63181
0.63197
0.632
0.63202
0.63202
0.63205
0.63206
0.63218
0.63221
0.63222
0.63223
0.63225
0.63242
0.63254
0.63254
0.63259
0.63262
0.6327
0.63289
0.63302
0.63309
0.63339
0.63359
0.63365
0.63371
0.63372
0.63375
0.63384
0.63403
0.63407
0.63425
0.63442
0.63453
0.63453
0.63464
0.63479
0.63485
0.63512
0.63514
0.63534
0.63547
0.63566
0.6357
0.63592
0.63601
0.63605
0.63605
0.63612
0.63616
0.63618
0.63625
0.63626
0.63647
0.63674
0.63675
0.63679
0.63686
0.63686
0.63691
0.63696
0.63704
0.63706
0.63708
0.63732
0.63735
0.63741
0.63763
0.63774
0.63791
0.63792
0.63825
0.63838
0.63839
0.63843
0.63873
0.63891
0.63894
0.63903
0.63929
0.63946
0.6395
0.63953
0.63969
0.63984
0.63988
0.63992
0.63998
0.64015
0.64017
0.64018
0.6402
0.64043
0.64063
0.64067
0.64074
0.64107
0.64114
0.64115
0.64116
0.64138
0.64149
0.64152
0.64172
0.64194
0.64207
0.64207
0.64213
0.6422
0.64223
0.64225
0.6423
0.64231
0.64247
0.64253
0.64255
0.64259
0.6426
0.64272
0.64288
0.64292
0.64308
0.64318
0.64319
0.64323
0.64338
0.6435
0.64356
0.64363
0.64369
0.64369
0.64399
0.64402
0.6442
0.64441
0.64441
0.64443
0.64453
0.64454
0.64464
0.64469
0.64484
0.64488
0.64508
0.64548
0.64555
0.64568
0.64589
0.64594
0.64612
0.64622
0.64632
0.6465
0.6465
0.64656
0.64678
0.64689
0.6469
0.64728
0.64737
0.64769
0.64775
0.64778
0.64782
0.64783
0.64805
0.64806
0.64807
0.64811
0.64826
0.6484
0.64846
0.64854
0.64855
0.64856
0.64864
0.6488
0.64881
0.64883
0.64921
0.64923
0.64949
0.64973
0.64977
0.6499
0.6502
0.6503
0.65043
0.65071
0.65083
0.65084
0.65085
0.65093
0.65096
0.65098
0.65109
0.65118
0.65135
0.65139
0.65143
0.65153
0.65153
0.65154
0.65158
0.65168
0.6517
0.65191
0.65195
0.65202
0.65204
0.65211
0.65214
0.6522
0.65223
0.65228
0.65236
0.65237
0.6524
0.65253
0.65257
0.65267
0.65269
0.65273
0.65282
0.65303
0.65321
0.65334
0.65335
0.65343
0.65349
0.65357
0.65366
0.65367
0.65386
0.65395
0.65399
0.654
0.65416
0.65423
0.65424
0.65457
0.65475
0.65482
0.65484
0.65503
0.65503
0.65524
0.65528
0.65531
0.65541
0.6556
0.65567
0.65576
0.65595
0.65599
0.65614
0.65615
0.65616
0.65635
0.65635
0.65645
0.65648
0.65695
0.65699
0.65701
0.65702
0.65712
0.65738
0.65741
0.65774
0.65787
0.65809
0.65809
0.65829
0.65833
0.65836
0.65848
0.65859
0.65865
0.65866
0.65873
0.65889
0.65889
0.65912
0.65914
0.65923
0.6598
0.65987
0.65993
0.65999
0.66005
0.66007
0.66011
0.66015
0.66019
0.66021
0.66022
0.66025
0.66031
0.66051
0.66053
0.66054
0.66068
0.66079
0.66091
0.66093
0.66098
0.66114
0.66122
0.66141
0.66143
0.66156
0.66156
0.66165
0.66174
0.6618
0.66183
0.66193
0.66212
0.66222
0.66224
0.66225
0.66235
0.6624
0.66251
0.66252
0.66257
0.66257
0.66275
0.66281
0.66285
0.66299
0.66305
0.66308
0.66308
0.66328
0.66329
0.66336
0.66414
0.66422
0.66445
0.66447
0.66448
0.66459
0.66486
0.66519
0.6652
0.66524
0.66533
0.66546
0.66549
0.66571
0.66574
0.66577
0.66584
0.66595
0.66608
0.66612
0.66617
0.66623
0.66625
0.6663
0.66632
0.66636
0.66639
0.66648
0.66651
0.66677
0.66683
0.66692
0.66703
0.66708
0.66713
0.66715
0.66721
0.66739
0.66745
0.66757
0.66834
0.66835
0.66837
0.66857
0.66876
0.66897
0.66905
0.66907
0.6691
0.66929
0.66933
0.66959
0.66963
0.66966
0.66975
0.66975
0.66976
0.66979
0.66983
0.66988
0.66989
0.66996
0.66996
0.67024
0.67032
0.67069
0.67072
0.67088
0.67107
0.6711
0.67113
0.67117
0.6712
0.67129
0.67142
0.67159
0.6718
0.67207
0.67209
0.67229
0.67233
0.67247
0.6725
0.67253
0.6726
0.6726
0.6727
0.67273
0.67294
0.67347
0.6737
0.67385
0.67394
0.67399
0.67404
0.67407
0.6741
0.6743
0.67443
0.67453
0.67454
0.67458
0.67472
0.67482
0.67483
0.67542
0.67543
0.67549
0.67551
0.67591
0.67592
0.67602
0.67613
0.67614
0.67639
0.67652
0.67686
0.67699
0.67709
0.67715
0.67717
0.67753
0.67754
0.67775
0.67792
0.67803
0.6781
0.67812
0.67816
0.67818
0.67826
0.67868
0.67883
0.6789
0.67896
0.67901
0.67907
0.67924
0.67935
0.67937
0.67941
0.67947
0.67949
0.6795
0.67979
0.67985
0.68006
0.68045
0.6808
0.68082
0.68095
0.68103
0.68127
0.68127
0.6815
0.68172
0.68183
0.68203
0.68207
0.68218
0.68223
0.68227
0.6823
0.68234
0.68238
0.6824
0.68291
0.68312
0.68316
0.68324
0.68329
0.68332
0.68339
0.68348
0.68355
0.68373
0.68374
0.68396
0.68397
0.68397
0.68414
0.68415
0.68437
0.68449
0.68452
0.68472
0.68478
0.68481
0.68508
0.6851
0.6854
0.68545
0.68546
0.68552
0.68575
0.68613
0.68626
0.68642
0.68651
0.6866
0.68669
0.68672
0.68695
0.68696
0.68708
0.68717
0.68721
0.68727
0.68727
0.68728
0.68743
0.68752
0.68764
0.68788
0.68799
0.68832
0.68836
0.68837
0.68847
0.68849
0.68853
0.68855
0.68869
0.68885
0.68904
0.6891
0.68912
0.68914
0.68916
0.68928
0.68936
0.68936
0.68947
0.68948
0.68959
0.68967
0.6898
0.69005
0.6903
0.69038
0.69051
0.69074
0.69089
0.69101
0.6913
0.69135
0.69183
0.6922
0.69238
0.69269
0.6927
0.6927
0.69305
0.69314
0.69325
0.6933
0.69345
0.69348
0.69354
0.69359
0.69364
0.69369
0.69379
0.69388
0.69405
0.69425
0.69442
0.69476
0.69493
0.69501
0.69503
0.69504
0.6952
0.6953
0.69538
0.69546
0.69553
0.69565
0.69576
0.696
0.69604
0.69642
0.69643
0.6965
0.69651
0.69656
0.69668
0.69669
0.69682
0.69685
0.69696
0.69699
0.69708
0.69717
0.69738
0.6974
0.6974
0.69743
0.69751
0.69756
0.69774
0.69781
0.69782
0.69788
0.69809
0.69847
0.69853
0.69856
0.69863
0.69876
0.69893
0.69894
0.69907
0.69908
0.69912
0.69924
0.69924
0.69932
0.69933
0.69937
0.69939
0.6995
0.6996
0.69979
0.6999
0.69999
0.70011
0.70015
0.70025
0.70036
0.70038
0.7004
0.70059
0.7006
0.70063
0.70074
0.7008
0.70099
0.70101
0.70102
0.70106
0.7012
0.70135
0.70146
0.70155
0.7017
0.70172
0.70183
0.70199
0.70202
0.70211
0.70212
0.70245
0.70261
0.70269
0.70297
0.70298
0.70298
0.70312
0.70337
0.70363
0.70398
0.70404
0.70405
0.70424
0.70429
0.70443
0.70462
0.7047
0.7047
0.70471
0.70483
0.70486
0.70513
0.70545
0.70546
0.70557
0.7056
0.70566
0.70576
0.70586
0.70588
0.7059
0.70625
0.70641
0.70651
0.70666
0.70684
0.70684
0.70708
0.70732
0.70763
0.70774
0.70777
0.70786
0.70795
0.7081
0.70827
0.70838
0.7084
0.70851
0.70863
0.70872
0.70877
0.70879
0.7088
0.70884
0.70892
0.70896
0.70914
0.70914
0.70919
0.70919
0.70938
0.70945
0.70947
0.70952
0.7096
0.70967
0.70971
0.70973
0.70981
0.70981
0.71006
0.71015
0.71032
0.71033
0.71043
0.71071
0.71076
0.71076
0.71091
0.71102
0.7112
0.71122
0.71133
0.71135
0.71141
0.71145
0.71148
0.71149
0.71181
0.71201
0.71215
0.71217
0.71218
0.71235
0.71244
0.71261
0.71287
0.71289
0.71297
0.71302
0.7131
0.71314
0.71316
0.71329
0.71339
0.71341
0.71347
0.71347
0.71359
0.71361
0.71361
0.71363
0.71407
0.7141
0.71417
0.71425
0.71429
0.71432
0.7144
0.71456
0.71457
0.7146
0.71466
0.71467
0.71468
0.71481
0.71508
0.71511
0.71516
0.71523
0.71525
0.71531
0.71548
0.71557
0.7156
0.71583
0.71585
0.71593
0.71609
0.71615
0.71617
0.71619
0.71624
0.71645
0.71648
0.71656
0.71679
0.71688
0.71693
0.71698
0.71706
0.71729
0.71733
0.71735
0.71744
0.71744
0.71745
0.71749
0.71762
0.71782
0.71791
0.71828
0.71828
0.71835
0.71836
0.71839
0.71843
0.71855
0.71866
0.7187
0.71891
0.71909
0.71946
0.71976
0.71982
0.71995
0.72029
0.72043
0.72045
0.72061
0.72078
0.72087
0.72101
0.72108
0.72114
0.72116
0.72119
0.72123
0.7216
0.72172
0.72173
0.72179
0.72206
0.72224
0.72235
0.72252
0.72255
0.72288
0.72288
0.723
0.72309
0.72341
0.72344
0.72347
0.72355
0.72365
0.72365
0.72366
0.72367
0.72372
0.72373
0.72408
0.72427
0.72443
0.72443
0.72445
0.72456
0.72472
0.72484
0.72486
0.72491
0.72509
0.7251
0.72512
0.72549
0.72561
0.72564
0.72576
0.72577
0.7258
0.72581
0.72593
0.72597
0.7261
0.72616
0.72634
0.72648
0.72648
0.72649
0.72653
0.72658
0.7268
0.72687
0.72688
0.72711
0.72729
0.72729
0.72733
0.72742
0.72744
0.72753
0.72762
0.72779
0.72799
0.7281
0.72858
0.7286
0.72861
0.72875
0.72907
0.72912
0.7293
0.72936
0.72948
0.72949
0.72958
0.72974
0.72974
0.7298
0.7299
0.7299
0.72994
0.73018
0.7302
0.73032
0.73038
0.73039
0.73049
0.73057
0.73058
0.73072
0.73073
0.73093
0.731
0.731
0.73105
0.73112
0.7312
0.73142
0.7315
0.73156
0.73177
0.73181
0.73188
0.73193
0.73199
0.73207
0.73212
0.73213
0.73215
0.73231
0.73239
0.73244
0.73266
0.73269
0.7327
0.73271
0.73273
0.73282
0.73287
0.73296
0.73297
0.733
0.73328
0.73331
0.73332
0.73334
0.73342
0.7336
0.73369
0.73379
0.73396
0.7341
0.73411
0.73413
0.73418
0.7342
0.73428
0.73449
0.73461
0.73466
0.73468
0.73469
0.73473
0.73476
0.73492
0.73493
0.73494
0.73503
0.73503
0.73521
0.73526
0.7359
0.73592
0.73631
0.73635
0.73642
0.7365
0.73686
0.73688
0.73693
0.73701
0.73721
0.73724
0.73734
0.73743
0.7375
0.73755
0.73755
0.7376
0.73764
0.73766
0.73767
0.73774
0.73778
0.73814
0.73821
0.73829
0.73861
0.73863
0.73894
0.73933
0.73939
0.7394
0.73958
0.74011
0.74037
0.74099
0.74108
0.74108
0.7411
0.74125
0.74129
0.74139
0.74142
0.74149
0.74158
0.74195
0.74195
0.74199
0.74203
0.74217
0.74218
0.74222
0.74227
0.74246
0.74266
0.74267
0.74275
0.74296
0.74297
0.74306
0.74328
0.74334
0.74336
0.74339
0.74347
0.74349
0.74369
0.74402
0.74414
0.74442
0.74449
0.74461
0.74467
0.74473
0.74488
0.74524
0.74529
0.7453
0.74536
0.74542
0.7456
0.74563
0.74566
0.74569
0.74579
0.74584
0.74601
0.74604
0.74605
0.74607
0.74612
0.74639
0.74651
0.74654
0.74656
0.74697
0.74703
0.74704
0.74704
0.74742
0.74752
0.74755
0.74765
0.74766
0.74801
0.74824
0.74829
0.74831
0.74853
0.74854
0.7486
0.74867
0.74878
0.74881
0.74897
0.74899
0.74901
0.74904
0.74933
0.74945
0.74949
0.7495
0.74971
0.74975
0.74989
0.74997
0.75
0.75009
0.75012
0.75019
0.75021
0.75024
0.75024
0.75039
0.75052
0.75091
0.75091
0.75093
0.75104
0.75104
0.75112
0.75114
0.75115
0.75117
0.75119
0.75125
0.7513
0.75135
0.75156
0.75158
0.75168
0.75169
0.75174
0.75184
0.75185
0.75194
0.75206
0.75214
0.75219
0.75222
0.75224
0.75226
0.7523
0.75232
0.75235
0.75235
0.75252
0.75266
0.75271
0.7528
0.75282
0.75283
0.7529
0.75309
0.75312
0.75322
0.75332
0.75366
0.75373
0.75379
0.75387
0.754
0.75406
0.75408
0.75408
0.75436
0.75438
0.75463
0.75472
0.75477
0.75488
0.75495
0.75498
0.75499
0.75507
0.7551
0.75528
0.75531
0.75562
0.75571
0.75597
0.7562
0.75625
0.75628
0.7563
0.75639
0.75651
0.75659
0.75679
0.75686
0.75689
0.75709
0.75713
0.75729
0.75738
0.75743
0.75747
0.75768
0.75778
0.75801
0.75817
0.75839
0.75848
0.75868
0.75873
0.759
0.75929
0.75931
0.75932
0.75943
0.75944
0.7596
0.76004
0.76035
0.76057
0.76083
0.76085
0.76089
0.76097
0.76124
0.76132
0.76135
0.76136
0.76147
0.76157
0.76159
0.76171
0.76178
0.76188
0.7619
0.76193
0.76196
0.76207
0.76225
0.76243
0.76248
0.76264
0.7627
0.7627
0.7627
0.76271
0.76275
0.7629
0.7631
0.76312
0.76315
0.76332
0.7635
0.76354
0.76364
0.76364
0.76367
0.7639
0.7639
0.76401
0.76426
0.76431
0.76436
0.76438
0.76445
0.76448
0.76458
0.76459
0.76475
0.76482
0.76489
0.76508
0.76522
0.76522
0.7653
0.76541
0.7655
0.76554
0.76555
0.76563
0.76602
0.76605
0.76616
0.76626
0.76633
0.76641
0.76643
0.76661
0.76678
0.76681
0.76687
0.76691
0.76707
0.76718
0.76721
0.76722
0.76727
0.76742
0.76745
0.76756
0.7677
0.76794
0.76818
0.76824
0.76828
0.76837
0.76854
0.76861
0.76867
0.76884
0.76909
0.76912
0.76921
0.76925
0.76928
0.76937
0.76953
0.76957
0.76957
0.76965
0.76966
0.76973
0.76979
0.77002
0.77005
0.77014
0.77029
0.77032
0.77035
0.77043
0.77049
0.77051
0.77062
0.77063
0.77064
0.77067
0.77068
0.77076
0.77095
0.771
0.77105
0.77109
0.77114
0.77145
0.77147
0.77156
0.7716
0.7719
0.772
0.77201
0.77211
0.77219
0.77225
0.7723
0.77278
0.77293
0.77305
0.77311
0.77324
0.77335
0.77351
0.77359
0.77363
0.77366
0.7738
0.77391
0.77407
0.77409
0.77414
0.77418
0.7742
0.77424
0.77458
0.77466
0.7747
0.77474
0.77478
0.77478
0.77486
0.77489
0.77495
0.77507
0.77515
0.77519
0.77523
0.77526
0.77537
0.77553
0.77561
0.77567
0.77596
0.77618
0.77619
0.77665
0.77675
0.77683
0.77683
0.77683
0.77688
0.77699
0.7771
0.77711
0.77728
0.7774
0.77749
0.77753
0.7776
0.77775
0.77795
0.77801
0.77812
0.77813
0.77821
0.77823
0.77826
0.77827
0.77868
0.77877
0.77893
0.77904
0.77907
0.77915
0.77915
0.77944
0.77994
0.77995
0.78006
0.78015
0.78023
0.78032
0.78036
0.78038
0.78041
0.78051
0.78064
0.78065
0.78069
0.78075
0.78076
0.78102
0.78109
0.7811
0.7812
0.7812
0.78124
0.78133
0.78143
0.78144
0.78155
0.78168
0.78185
0.78214
0.78219
0.7822
0.78227
0.78228
0.78238
0.78268
0.78271
0.78275
0.78282
0.78299
0.783
0.78305
0.7835
0.78355
0.78373
0.78377
0.78393
0.78396
0.78398
0.78411
0.7842
0.78428
0.78439
0.78441
0.78502
0.78502
0.78502
0.78509
0.78519
0.7854
0.78544
0.78551
0.7857
0.78572
0.78575
0.78576
0.78579
0.78593
0.78603
0.78606
0.78608
0.78609
0.7863
0.78648
0.7865
0.78664
0.78665
0.78678
0.78688
0.78696
0.78699
0.78714
0.78733
0.78734
0.7874
0.78751
0.78757
0.78769
0.7877
0.78777
0.78787
0.788
0.78824
0.78829
0.78831
0.78839
0.78843
0.78846
0.78855
0.78858
0.78872
0.78874
0.78892
0.789
0.78904
0.78906
0.78909
0.78912
0.78915
0.78916
0.78919
0.78928
0.78931
0.78934
0.78934
0.78937
0.78938
0.78946
0.78957
0.78965
0.78968
0.78975
0.78979
0.78979
0.78988
0.78999
0.79004
0.79014
0.79025
0.79027
0.7903
0.79037
0.79039
0.79082
0.7911
0.7912
0.79124
0.7913
0.79141
0.79163
0.79172
0.79176
0.7918
0.7918
0.79181
0.79187
0.79216
0.79229
0.79233
0.79258
0.79275
0.79302
0.79303
0.79333
0.79339
0.79349
0.7936
0.79366
0.79374
0.7938
0.79384
0.79384
0.79388
0.79388
0.79391
0.79399
0.79403
0.79436
0.79464
0.7947
0.79475
0.79476
0.79492
0.79493
0.79497
0.79511
0.79513
0.79523
0.7954
0.79546
0.79556
0.79557
0.7957
0.79575
0.79579
0.796
0.79612
0.79615
0.7963
0.79644
0.79652
0.79655
0.79696
0.79699
0.79706
0.79728
0.7973
0.79757
0.79779
0.79784
0.79786
0.79793
0.79815
0.7985
0.79855
0.79862
0.79879
0.79881
0.79882
0.79885
0.79901
0.79924
0.79926
0.79934
0.79959
0.7996
0.8
0.80007
0.80007
0.80029
0.80033
0.80033
0.80037
0.80053
0.80068
0.80078
0.80081
0.80092
0.80094
0.80099
0.80105
0.80109
0.80129
0.80136
0.80147
0.80157
0.80166
0.80172
0.80172
0.80177
0.8018
0.8018
0.80189
0.80198
0.80203
0.80207
0.80228
0.80231
0.80236
0.8025
0.80269
0.8028
0.803
0.803
0.80313
0.80316
0.80325
0.8035
0.80353
0.80378
0.80389
0.80394
0.804
0.80441
0.80446
0.80468
0.80472
0.80487
0.8049
0.805
0.80533
0.80538
0.80556
0.80573
0.80577
0.80579
0.80587
0.80607
0.8064
0.80651
0.80655
0.80659
0.80663
0.80667
0.80667
0.80674
0.80677
0.80679
0.80695
0.80709
0.8071
0.8072
0.80743
0.80744
0.8075
0.8075
0.80767
0.80782
0.80787
0.808
0.80801
0.80804
0.80806
0.80808
0.80822
0.8083
0.80839
0.80849
0.8086
0.80868
0.80871
0.80876
0.80888
0.80892
0.80895
0.80899
0.80905
0.80922
0.80953
0.80954
0.80954
0.80955
0.80984
0.80987
0.81014
0.81028
0.8103
0.81042
0.81044
0.81047
0.81049
0.81053
0.81071
0.81103
0.81124
0.81125
0.81126
0.81128
0.81153
0.81155
0.81159
0.81163
0.81165
0.81175
0.81178
0.81189
0.81191
0.81192
0.81201
0.81202
0.81225
0.81232
0.81254
0.81259
0.81263
0.81297
0.8133
0.81331
0.81332
0.81355
0.81372
0.81372
0.81388
0.81409
0.81412
0.81429
0.81448
0.81462
0.81473
0.81477
0.81498
0.81512
0.81513
0.81518
0.81532
0.81544
0.81551
0.81551
0.81556
0.81568
0.81581
0.81584
0.8161
0.81621
0.81632
0.81649
0.81655
0.81669
0.81681
0.81697
0.81698
0.81717
0.81719
0.81721
0.81721
0.81723
0.81748
0.81773
0.81786
0.81788
0.8179
0.81792
0.81813
0.81819
0.81849
0.81869
0.81889
0.8189
0.81895
0.8192
0.81921
0.81934
0.81936
0.81936
0.81946
0.81946
0.81954
0.81959
0.81964
0.81965
0.8199
0.82005
0.82006
0.82014
0.82028
0.8204
0.82069
0.82073
0.82081
0.82093
0.82101
0.82121
0.82125
0.82141
0.82152
0.82159
0.82166
0.82171
0.82181
0.82197
0.82204
0.82213
0.82214
0.82218
0.82218
0.82248
0.8225
0.82259
0.82262
0.82276
0.82277
0.82278
0.82294
0.82307
0.82316
0.82318
0.82318
0.82327
0.82337
0.82341
0.82353
0.82359
0.82369
0.82385
0.82391
0.82396
0.82407
0.82423
0.82426
0.82447
0.82454
0.82465
0.8248
0.8248
0.82485
0.82489
0.82516
0.82545
0.82549
0.82558
0.82566
0.82568
0.82578
0.8258
0.82593
0.82594
0.82598
0.826
0.82601
0.8261
0.82611
0.82619
0.8264
0.82647
0.82656
0.82657
0.82668
0.82678
0.82679
0.8268
0.82689
0.82696
0.82711
0.8272
0.8274
0.82747
0.8275
0.82765
0.8281
0.82812
0.82813
0.82847
0.82857
0.82857
0.8286
0.82865
0.82878
0.82908
0.8291
0.82932
0.82935
0.82936
0.82976
0.82978
0.82984
0.82989
0.82996
0.82997
0.83001
0.83013
0.83019
0.8302
0.8302
0.83034
0.83037
0.8304
0.83045
0.83061
0.83081
0.83087
0.83094
0.8311
0.83119
0.83133
0.83146
0.83147
0.83154
0.8316
0.83176
0.83183
0.83185
0.83188
0.83193
0.83207
0.83239
0.83264
0.83273
0.8328
0.83299
0.83305
0.83316
0.8332
0.83321
0.83325
0.83349
0.83353
0.83356
0.83363
0.83366
0.83374
0.83383
0.83387
0.83399
0.83422
0.83435
0.83438
0.83452
0.83454
0.8346
0.83475
0.83476
0.83491
0.83494
0.83502
0.83508
0.83511
0.83511
0.83518
0.8353
0.83533
0.83534
0.83543
0.83543
0.83563
0.8357
0.83662
0.83667
0.83671
0.83675
0.83695
0.83697
0.83708
0.83737
0.83747
0.83756
0.83763
0.8378
0.83793
0.83796
0.83801
0.83805
0.83817
0.83818
0.83822
0.83866
0.83874
0.83877
0.839
0.83908
0.83921
0.83924
0.83926
0.83929
0.83929
0.8393
0.83944
0.83945
0.83966
0.8398
0.8399
0.83991
0.8401
0.84015
0.84017
0.8402
0.84021
0.84024
0.84026
0.84031
0.84032
0.84039
0.84046
0.84062
0.84076
0.84078
0.84093
0.84093
0.84111
0.8412
0.84122
0.84133
0.84133
0.84135
0.84136
0.8414
0.84149
0.84166
0.84173
0.8418
0.84182
0.84199
0.842
0.84205
0.84216
0.84237
0.84241
0.84247
0.84253
0.8428
0.84299
0.84305
0.84309
0.84319
0.8432
0.84347
0.84356
0.84367
0.84367
0.84369
0.84378
0.84384
0.84392
0.84394
0.84395
0.84396
0.84406
0.84416
0.84436
0.84437
0.84446
0.84448
0.84469
0.84482
0.84508
0.84523
0.84525
0.84528
0.84538
0.84552
0.84562
0.84569
0.8457
0.84584
0.84607
0.84617
0.84617
0.84631
0.84673
0.84673
0.84678
0.84686
0.847
0.84717
0.84721
0.84727
0.84731
0.84732
0.84742
0.84756
0.84764
0.84774
0.84799
0.84805
0.84809
0.84814
0.84814
0.84817
0.84832
0.84843
0.84871
0.84873
0.8489
0.84896
0.84898
0.84918
0.8493
0.84931
0.8496
0.8496
0.84973
0.84976
0.84985
0.84999
0.85
0.85058
0.85086
0.85097
0.85101
0.85108
0.85108
0.85113
0.85119
0.85129
0.85134
0.85137
0.85138
0.85146
0.8517
0.85174
0.8518
0.85215
0.85217
0.85231
0.85251
0.85296
0.85301
0.85308
0.85327
0.85329
0.85335
0.85351
0.8537
0.85381
0.85383
0.85432
0.85438
0.85452
0.8546
0.85476
0.85477
0.85478
0.85482
0.85486
0.85489
0.8549
0.8549
0.85504
0.85505
0.85523
0.85529
0.8553
0.85569
0.85577
0.85579
0.85585
0.85586
0.85595
0.85604
0.85605
0.85606
0.85618
0.85627
0.85633
0.85639
0.85644
0.85651
0.85654
0.85657
0.85663
0.85668
0.85668
0.85672
0.85693
0.85693
0.85705
0.85738
0.85741
0.85748
0.85752
0.85756
0.85757
0.85765
0.85767
0.85771
0.85785
0.85786
0.85789
0.85794
0.85796
0.85797
0.85808
0.85812
0.85834
0.85838
0.85838
0.85846
0.8585
0.85852
0.85862
0.8587
0.85872
0.85874
0.85923
0.8594
0.8595
0.85953
0.85969
0.85971
0.85972
0.85973
0.85977
0.85989
0.85995
0.85996
0.86009
0.86025
0.86028
0.86035
0.86042
0.86062
0.86084
0.86092
0.86096
0.86115
0.86146
0.8616
0.86164
0.86165
0.86178
0.86187
0.86205
0.86211
0.86234
0.8625
0.86287
0.86297
0.86298
0.863
0.86303
0.86312
0.86312
0.86347
0.86354
0.86359
0.86364
0.86405
0.86417
0.86451
0.86455
0.86479
0.86483
0.86488
0.86491
0.86494
0.86503
0.86517
0.86519
0.86521
0.86523
0.86556
0.86559
0.86563
0.86578
0.86587
0.86619
0.86623
0.86629
0.86634
0.86639
0.86642
0.86663
0.86664
0.86703
0.86704
0.86723
0.86733
0.86751
0.86759
0.86767
0.86781
0.86782
0.86799
0.86826
0.8683
0.86835
0.8686
0.86861
0.86864
0.86872
0.86898
0.86901
0.86909
0.86915
0.86919
0.86945
0.86953
0.86967
0.86983
0.87002
0.87003
0.87031
0.87037
0.87054
0.87058
0.8706
0.87078
0.87083
0.87093
0.871
0.8711
0.87111
0.8713
0.87146
0.87152
0.87157
0.87162
0.87163
0.8717
0.87172
0.87173
0.87191
0.87205
0.87206
0.87207
0.87207
0.8721
0.87232
0.87233
0.87235
0.87238
0.87259
0.87263
0.87267
0.87279
0.87287
0.87294
0.873
0.87312
0.87312
0.87328
0.8733
0.87339
0.87343
0.87357
0.87366
0.8738
0.87384
0.87408
0.87438
0.87439
0.87457
0.87459
0.8746
0.87475
0.87477
0.87504
0.87506
0.87531
0.87535
0.87558
0.87563
0.87579
0.87598
0.87604
0.87605
0.87631
0.87639
0.87647
0.87651
0.87664
0.8768
0.87692
0.87708
0.87728
0.8773
0.87783
0.87794
0.87795
0.87809
0.87823
0.87827
0.87835
0.87836
0.87837
0.87846
0.87849
0.87855
0.87856
0.87864
0.87883
0.87897
0.87916
0.87923
0.8793
0.87936
0.87942
0.87946
0.87949
0.87954
0.87978
0.87986
0.87994
0.87998
0.88005
0.88036
0.88037
0.88049
0.88057
0.88059
0.88064
0.88069
0.88077
0.88081
0.88081
0.88086
0.88102
0.88103
0.88105
0.88118
0.88119
0.8812
0.88139
0.88144
0.88156
0.88161
0.88173
0.88178
0.88187
0.88196
0.88213
0.88219
0.88224
0.88231
0.88236
0.88249
0.88254
0.88259
0.88266
0.88282
0.88317
0.88319
0.88326
0.88332
0.88346
0.88357
0.88369
0.88379
0.88383
0.884
0.88404
0.88409
0.88421
0.88426
0.88444
0.88457
0.88476
0.88477
0.88486
0.88493
0.88506
0.8851
0.88516
0.88547
0.88548
0.88555
0.88558
0.88562
0.88569
0.88574
0.88575
0.88578
0.886
0.88606
0.88608
0.88622
0.88646
0.88646
0.88657
0.88676
0.88683
0.88684
0.88693
0.88699
0.887
0.88701
0.88739
0.88752
0.88754
0.88764
0.88769
0.88787
0.88791
0.88793
0.88802
0.88807
0.88808
0.88835
0.88839
0.88852
0.88886
0.88886
0.88892
0.88896
0.88924
0.88925
0.88933
0.88941
0.88948
0.88971
0.88972
0.88978
0.88982
0.88989
0.89007
0.89007
0.89009
0.89009
0.89018
0.89023
0.89023
0.89028
0.89053
0.89058
0.89061
0.89064
0.89075
0.89083
0.89087
0.89087
0.89092
0.89115
0.89118
0.89129
0.89135
0.89144
0.89154
0.89163
0.89177
0.89183
0.89201
0.89201
0.89208
0.89213
0.89213
0.89225
0.89226
0.89228
0.89243
0.89249
0.89261
0.8927
0.89287
0.89307
0.89338
0.89341
0.89349
0.89363
0.89366
0.8937
0.89372
0.89376
0.89376
0.89392
0.89409
0.89427
0.89428
0.89435
0.89439
0.8946
0.89468
0.89486
0.89516
0.89516
0.89541
0.89546
0.89571
0.89582
0.89583
0.89589
0.8959
0.89607
0.89609
0.8961
0.89638
0.89638
0.89639
0.89643
0.89655
0.8966
0.8968
0.89726
0.8974
0.89741
0.89767
0.89773
0.89779
0.8978
0.898
0.8982
0.89834
0.89846
0.89847
0.89857
0.89874
0.89882
0.89889
0.89894
0.89901
0.89904
0.89917
0.89933
0.8994
0.89947
0.8995
0.89952
0.8996
0.8996
0.89965
0.89972
0.89981
0.89988
0.90005
0.90016
0.90033
0.90053
0.90059
0.90076
0.9009
0.90105
0.90106
0.90125
0.90129
0.90129
0.90136
0.90146
0.90163
0.90163
0.90172
0.90177
0.90188
0.90221
0.90222
0.90227
0.90233
0.90244
0.90245
0.90246
0.90253
0.90258
0.90265
0.90293
0.90305
0.90307
0.90324
0.90328
0.90396
0.90406
0.90436
0.90439
0.90444
0.90455
0.90462
0.9047
0.90471
0.9049
0.90517
0.90536
0.90545
0.90546
0.90555
0.90562
0.90575
0.90583
0.90597
0.906
0.90611
0.90636
0.90637
0.90648
0.90658
0.90668
0.90711
0.9074
0.90754
0.9078
0.90781
0.90787
0.90795
0.90795
0.90797
0.90799
0.9083
0.90881
0.9092
0.90943
0.90947
0.90957
0.90962
0.90984
0.90992
0.91015
0.91015
0.91015
0.9104
0.91042
0.91043
0.91051
0.9106
0.91065
0.91069
0.91072
0.91073
0.91108
0.91118
0.91118
0.91129
0.91135
0.91138
0.91143
0.91149
0.91155
0.91161
0.91203
0.91211
0.91224
0.91225
0.91233
0.91246
0.91267
0.91271
0.91273
0.91289
0.91316
0.91324
0.91328
0.91329
0.91329
0.91331
0.91343
0.91353
0.91356
0.91368
0.91377
0.91402
0.91412
0.91429
0.91429
0.91434
0.91448
0.91451
0.91455
0.91465
0.91486
0.91497
0.91509
0.91511
0.91512
0.91515
0.91522
0.91523
0.91525
0.91534
0.91535
0.91545
0.91563
0.91586
0.91596
0.91596
0.91602
0.91619
0.91629
0.91632
0.91634
0.91652
0.91655
0.91677
0.9168
0.91681
0.91708
0.91711
0.91737
0.91742
0.91747
0.9176
0.91763
0.9177
0.91791
0.91803
0.91804
0.91813
0.91815
0.91825
0.91843
0.91843
0.91867
0.91869
0.9188
0.9188
0.9188
0.91883
0.91883
0.91888
0.91895
0.91925
0.9194
0.91942
0.91949
0.91959
0.91981
0.91988
0.91994
0.92004
0.92014
0.92017
0.92036
0.92049
0.92052
0.92064
0.92068
0.92072
0.92072
0.92074
0.92083
0.92088
0.92092
0.921
0.92118
0.92119
0.92143
0.92149
0.92152
0.92165
0.92172
0.92191
0.922
0.92202
0.92214
0.92215
0.92216
0.92217
0.92219
0.92225
0.92234
0.92238
0.92249
0.92256
0.92275
0.92277
0.92279
0.92287
0.92311
0.92317
0.9233
0.92352
0.92364
0.92368
0.92371
0.92388
0.92398
0.92412
0.92427
0.92446
0.92448
0.92467
0.92474
0.92483
0.92501
0.92501
0.92503
0.92507
0.92523
0.92565
0.92569
0.9257
0.92571
0.92582
0.92605
0.92608
0.92647
0.92665
0.92693
0.92714
0.92732
0.9274
0.92742
0.92745
0.92759
0.92764
0.9277
0.92776
0.92779
0.92805
0.92806
0.92839
0.92849
0.92869
0.92883
0.92886
0.92888
0.92901
0.92902
0.92907
0.9291
0.9291
0.92918
0.92919
0.9293
0.9294
0.92943
0.92956
0.92958
0.92964
0.92999
0.93003
0.93011
0.93018
0.93027
0.93032
0.93034
0.93044
0.93054
0.93076
0.93077
0.93085
0.93111
0.93121
0.93121
0.93124
0.93146
0.93166
0.93174
0.93175
0.93183
0.93186
0.93215
0.93217
0.9322
0.93221
0.93228
0.93235
0.93235
0.93245
0.93252
0.93256
0.93262
0.93275
0.93276
0.93292
0.93305
0.93326
0.93328
0.93341
0.93344
0.93348
0.93364
0.93372
0.9338
0.9339
0.93396
0.93402
0.93402
0.93405
0.93444
0.93445
0.93446
0.93469
0.93474
0.93476
0.93477
0.93483
0.93491
0.93491
0.93511
0.93527
0.93528
0.93529
0.93537
0.93538
0.93556
0.93572
0.93577
0.93586
0.93588
0.93596
0.93596
0.93603
0.93616
0.9362
0.93622
0.93623
0.93691
0.937
0.93716
0.93723
0.93731
0.93733
0.93748
0.93766
0.93771
0.93771
0.93791
0.93797
0.93811
0.93816
0.93833
0.93847
0.93866
0.93871
0.93874
0.93885
0.93888
0.93926
0.93966
0.93968
0.93971
0.93971
0.93973
0.93979
0.94
0.94012
0.94016
0.94028
0.94039
0.94039
0.9405
0.94052
0.94058
0.94071
0.94074
0.94082
0.94095
0.94104
0.94121
0.94126
0.94132
0.94132
0.94133
0.94142
0.94157
0.9417
0.94173
0.94175
0.94176
0.94181
0.94188
0.94188
0.94209
0.94215
0.94223
0.94224
0.94228
0.94236
0.94246
0.94287
0.94289
0.94325
0.9433
0.94333
0.94334
0.94351
0.94358
0.94368
0.94369
0.94371
0.94373
0.94386
0.94388
0.9439
0.94419
0.9442
0.94421
0.94422
0.94428
0.94434
0.94447
0.94462
0.94469
0.94479
0.94505
0.94514
0.94523
0.9453
0.94538
0.94541
0.94544
0.94561
0.94566
0.94571
0.94603
0.94632
0.94648
0.94648
0.94652
0.9466
0.94688
0.9471
0.94718
0.9472
0.94722
0.94732
0.94735
0.9475
0.94763
0.94768
0.94769
0.94789
0.94808
0.9482
0.94828
0.94829
0.94829
0.94832
0.94832
0.94913
0.94914
0.94919
0.94938
0.94961
0.94962
0.94974
0.94976
0.94984
0.9499
0.94996
0.94998
0.95
0.95009
0.95017
0.95035
0.95055
0.95061
0.95061
0.95074
0.95078
0.95083
0.95104
0.95128
0.9514
0.95141
0.95147
0.95147
0.95154
0.95156
0.95166
0.9519
0.95206
0.95206
0.9522
0.9523
0.95234
0.95251
0.95253
0.95258
0.95261
0.95302
0.95306
0.95318
0.9532
0.95326
0.95362
0.9538
0.95393
0.95396
0.95397
0.95398
0.95401
0.95404
0.95409
0.95415
0.95421
0.95423
0.95425
0.9543
0.9544
0.95484
0.95497
0.95498
0.955
0.95507
0.95527
0.95532
0.9555
0.95551
0.95611
0.95619
0.95639
0.95646
0.95653
0.95655
0.95657
0.95658
0.95659
0.95667
0.95669
0.95684
0.95688
0.95689
0.95697
0.95715
0.95719
0.9572
0.95722
0.95722
0.95722
0.95733
0.95747
0.95748
0.95752
0.95753
0.95765
0.95781
0.95796
0.95803
0.95808
0.9582
0.95846
0.95901
0.95907
0.95914
0.9592
0.95924
0.95929
0.95934
0.95934
0.95936
0.95942
0.95943
0.9595
0.95974
0.95974
0.95975
0.96
0.96012
0.96026
0.96026
0.96032
0.96039
0.9606
0.96061
0.96078
0.9608
0.96081
0.96102
0.96119
0.96129
0.96133
0.96167
0.96174
0.9618
0.96185
0.962
0.96213
0.9622
0.96247
0.96254
0.96266
0.96273
0.96282
0.96283
0.96304
0.96306
0.96322
0.9633
0.96383
0.96384
0.96385
0.96387
0.96396
0.96421
0.96426
0.96432
0.96438
0.9644
0.96445
0.96452
0.96467
0.96499
0.96502
0.96507
0.96516
0.96517
0.96521
0.96552
0.96558
0.96564
0.96583
0.96585
0.96594
0.96595
0.96603
0.96607
0.96609
0.9663
0.96636
0.96637
0.96644
0.96658
0.96658
0.96669
0.96678
0.967
0.96707
0.96716
0.96727
0.96744
0.96747
0.96748
0.96753
0.96775
0.96777
0.96788
0.96797
0.96807
0.96841
0.96843
0.96843
0.96852
0.96874
0.96902
0.96907
0.96922
0.96955
0.96959
0.97009
0.97014
0.97026
0.97041
0.97042
0.97073
0.97074
0.97082
0.97113
0.97115
0.97118
0.97133
0.97151
0.97198
0.97201
0.97202
0.9721
0.97214
0.9723
0.9723
0.9724
0.97247
0.97256
0.97256
0.9726
0.97267
0.97271
0.97271
0.97294
0.97324
0.97345
0.97364
0.97378
0.97383
0.97394
0.97436
0.97449
0.97465
0.97477
0.97482
0.97491
0.9753
0.97535
0.9754
0.97556
0.97564
0.97581
0.97586
0.97623
0.9763
0.97643
0.97667
0.97669
0.97684
0.97708
0.97708
0.97716
0.97746
0.97752
0.97763
0.97769
0.97783
0.97801
0.97822
0.97838
0.97842
0.97843
0.97848
0.97849
0.97849
0.97856
0.97867
0.97879
0.97881
0.97892
0.97894
0.97905
0.97914
0.97923
0.97923
0.97929
0.97934
0.97944
0.97946
0.97979
0.97996
0.98013
0.98013
0.98014
0.98015
0.98017
0.98017
0.9803
0.98032
0.9804
0.98045
0.98051
0.98069
0.98078
0.98103
0.98134
0.98143
0.98156
0.9817
0.98191
0.982
0.98218
0.98224
0.98228
0.98229
0.98241
0.98243
0.98244
0.98273
0.98275
0.98284
0.98292
0.98299
0.983
0.98306
0.98322
0.98323
0.98325
0.98329
0.98339
0.98373
0.98376
0.98381
0.98384
0.98403
0.98408
0.98425
0.98433
0.98434
0.98436
0.98463
0.98468
0.98469
0.98485
0.98486
0.98491
0.98499
0.98509
0.98519
0.98522
0.9853
0.98568
0.98587
0.98596
0.98615
0.98616
0.98671
0.98676
0.98684
0.98694
0.98696
0.98703
0.98703
0.98711
0.98742
0.98747
0.98755
0.9879
0.98794
0.98811
0.98834
0.98868
0.98876
0.98888
0.98891
0.98895
0.989
0.98904
0.98951
0.98955
0.98959
0.98963
0.98965
0.98975
0.98976
0.98977
0.98999
0.99005
0.99007
0.99009
0.99016
0.99038
0.99047
0.9906
0.99065
0.99069
0.99072
0.99073
0.99079
0.9908
0.99085
0.99099
0.99108
0.99115
0.99129
0.99143
0.99156
0.9916
0.99169
0.99173
0.99179
0.99202
0.99208
0.99222
0.9923
0.99231
0.99251
0.99263
0.99264
0.99291
0.99295
0.99296
0.99319
0.99322
0.99322
0.99323
0.99326
0.99341
0.9935
0.99354
0.99356
0.99358
0.99366
0.99381
0.99382
0.99388
0.99388
0.99461
0.99462
0.99465
0.99474
0.99477
0.99503
0.99522
0.99525
0.9953
0.99531
0.99547
0.99566
0.99579
0.99585
0.99588
0.99606
0.99606
0.9962
0.99621
0.99632
0.99646
0.99679
0.99683
0.99698
0.99741
0.99746
0.99748
0.99776
0.99779
0.99785
0.99791
0.99799
0.998
0.99808
0.99839
0.99848
0.99875
0.99875
0.9988
0.99882
0.99883
0.99887
0.9989
0.99894
0.99901
0.99913
0.99913
0.99915
0.99915
0.99918
0.99926
0.99957
0.99974
0.99989
0.99994
