0.0024
0.00241
0.00354
0.00487
0.00566
0.00964
0.01553
0.0156
0.01756
0.02006
0.02337
0.02542
0.02575
0.02614
0.02812
0.0282
0.0297
0.03003
0.03517
0.03642
0.03744
0.04331
0.04354
0.04638
0.05074
0.05307
0.05594
0.05817
0.05973
0.06048
0.06326
0.06614
0.06643
0.06796
0.069
0.07001
0.07356
0.07443
0.07475
0.07909
0.08126
0.08206
0.08206
0.08261
0.08274
0.08776
0.09006
0.09116
0.09222
0.09932
0.1003
0.10238
0.10265
0.10396
0.10578
0.10583
0.10643
0.10669
0.1102
0.1113
0.1114
0.11364
0.11441
0.11831
0.11862
0.11966
0.12234
0.12285
0.1231
0.12869
0.13037
0.13219
0.13486
0.13532
0.1361
0.14614
0.1466
0.15222
0.15949
0.15998
0.16124
0.1655
0.17273
0.1738
0.18264
0.18372
0.18442
0.18444
0.18489
0.18532
0.18571
0.18686
0.18735
0.18851
0.19226
0.19277
0.19482
0.19514
0.19671
0.1974
0.19923
0.20072
0.2038
0.20398
0.20839
0.20901
0.21021
0.21102
0.21856
0.22199
0.22313
0.22409
0.23009
0.23009
0.23014
0.23138
0.23159
0.23254
0.23554
0.23682
0.23978
0.24046
0.24591
0.2466
0.24874
0.24948
0.24967
0.25272
0.25289
0.25794
0.25844
0.25944
0.26301
0.26302
0.26631
0.26816
0.26879
0.27151
0.27329
0.27387
0.27461
0.27771
0.27843
0.27872
0.28069
0.2815
0.28269
0.28309
0.28338
0.28443
0.28522
0.28615
0.28922
0.28953
0.28964
0.29374
0.295
0.30021
0.30554
0.30757
0.30923
0.30976
0.31008
0.31135
0.31189
0.31293
0.31408
0.31495
0.31748
0.31847
0.31934
0.32091
0.32196
0.32264
0.32673
0.32942
0.32968
0.33037
0.33181
0.33353
0.33365
0.33506
0.33529
0.34316
0.3461
0.35331
0.35369
0.35578
0.35648
0.35685
0.3577
0.36038
0.36197
0.363
0.36326
0.36381
0.36385
0.36596
0.36603
0.36865
0.37104
0.37278
0.37554
0.37598
0.37768
0.38483
0.38761
0.38886
0.38899
0.39017
0.39274
0.3935
0.39841
0.39913
0.40203
0.40368
0.4041
0.40574
0.40734
0.40826
0.40886
0.41012
0.41091
0.42073
0.42196
0.42332
0.42552
0.42677
0.43197
0.43434
0.4366
0.43664
0.44135
0.44218
0.44535
0.4494
0.45073
0.45085
0.45094
0.4578
0.46048
0.46473
0.46882
0.47401
0.47409
0.47432
0.47905
0.4796
0.4823
0.4824
0.48385
0.48635
0.4872
0.48803
0.4886
0.48916
0.4966
0.4982
0.49951
0.49995
0.50408
0.50652
0.50758
0.50797
0.5234
0.52381
0.52565
0.52577
0.52768
0.52837
0.53193
0.53359
0.53414
0.54026
0.54154
0.54725
0.55251
0.55914
0.56222
0.56439
0.56672
0.57162
0.57756
0.57916
0.58053
0.58394
0.58477
0.58511
0.58614
0.58657
0.58673
0.58851
0.58854
0.59365
0.59399
0.59483
0.59701
0.59747
0.59838
0.59999
0.60041
0.60562
0.60898
0.61288
0.61428
0.61609
0.61752
0.61972
0.62326
0.62394
0.62669
0.62864
0.63012
0.63066
0.63192
0.63717
0.64042
0.64057
0.64246
0.64551
0.64755
0.64907
0.65617
0.65782
0.65874
0.66114
0.66266
0.66428
0.6674
0.67589
0.67749
0.67779
0.67848
0.67873
0.68355
0.68527
0.68575
0.68728
0.68912
0.68912
0.69121
0.69656
0.69752
0.69903
0.70013
0.70204
0.70828
0.70858
0.71306
0.71342
0.71686
0.71734
0.7185
0.7198
0.71981
0.72215
0.72391
0.72626
0.72943
0.73195
0.73197
0.73436
0.73635
0.73742
0.73745
0.73843
0.74151
0.74416
0.74696
0.74915
0.7503
0.75355
0.75392
0.75411
0.75718
0.76284
0.76427
0.76679
0.76747
0.7717
0.77225
0.77405
0.77592
0.77787
0.7833
0.78425
0.78448
0.78527
0.78909
0.79016
0.79048
0.79072
0.79184
0.79379
0.79443
0.79727
0.79859
0.7986
0.80326
0.80523
0.80709
0.81037
0.81263
0.81511
0.81817
0.82123
0.82202
0.82378
0.82382
0.82418
0.82498
0.82624
0.82649
0.84024
0.84039
0.84435
0.8534
0.85445
0.86016
0.86151
0.86152
0.86185
0.86192
0.86853
0.87067
0.87144
0.87371
0.87374
0.87572
0.87586
0.87601
0.87686
0.87851
0.87855
0.87929
0.882
0.88815
0.88847
0.88874
0.89069
0.89218
0.89402
0.89414
0.89417
0.89652
0.89861
0.90009
0.90161
0.90184
0.90187
0.90277
0.90555
0.90729
0.90774
0.91197
0.91256
0.91354
0.91537
0.9176
0.92158
0.92164
0.92189
0.92223
0.92308
0.92316
0.9259
0.92928
0.93022
0.93113
0.93235
0.93282
0.93573
0.93642
0.93663
0.93916
0.93975
0.94638
0.94652
0.94789
0.9487
0.95162
0.95168
0.95382
0.95573
0.95855
0.95937
0.95962
0.96749
0.97225
0.97591
0.97647
0.97678
0.98632
0.99274
0.99411
0.9943
0.99534
0.99604
0.99825
0.99836
